0.3540203 3.576074
0.3722013 4.090215
0.4632523 3.536816
0.238693 4.402519
0.3627334 3.269977
0.4108866 3.240479
0.1583196 1.005788
0.3821696 0.6444477
0.6731795 0.5494944
0.5038223 1.187456
0.3608464 0.674066
0.4399999 0.7522008
0.3440609 0.8382527
0.224753 0.7805417
0.1699614 1.285657
0.3146664 0.6864125
0.3415987 0.8477683
0.2710453 0.3300588
0.7232511 0.6498115
0.2500487 1.767792
0.477336 1.176171
0.3898427 0.2598836
0.2329928 0.5644509
0.4332267 0.3740433
0.2890624 0.528226
0.3646342 0.2667744
0.4873593 0.7207915
0.4996062 0.7820349
0.3097569 1.167492
0.5641551 1.024055
0.6092772 1.334102
0.4612732 1.287292
0.7482796 1.372954
0.5337792 0.3061714
0.4420004 0.2306531
0.7063451 0.4575445
0.4868057 0.4190974
0.4313868 0.6736555
0.4569961 0.8113892
0.4580985 0.5964628
0.5254843 0.5435963
0.4019581 1.002693
0.2731142 1.09867
0.2991961 1.016417
0.3765678 1.326482
0.4805032 0.4278616
0.448246 0.4115154
0.4231283 0.7553917
0.3257006 0.7133881
0.4304587 0.6022083
0.3927933 1.533441
0.3916255 1.313315
0.506862 1.439056
0.2890848 1.160349
0.5115387 0.5842267
0.6429293 0.5798552
0.4345387 0.4476198
0.5649712 0.6755167
0.4358883 1.238153
0.2634027 1.239396
0.5709127 0.5694374
0.3738755 0.9306275
0.4204524 0.5406705
0.3202669 0.3820929
0.4564779 0.3793112
0.6229531 0.549502
0.3211068 0.5625468
0.3963508 0.526544
0.396007 0.8072095
0.2885963 0.6184184
0.3214155 0.6999302
0.3362116 0.4562241
0.3129406 0.6328919
0.4111681 0.3967301
0.4107887 0.464333
0.2886699 0.653719
0.3281942 0.5050102
0.3840124 2.792717
0.497043 2.010178
0.3409707 1.190747
0.3465026 0.5874456
0.4055641 1.281483
0.3556159 1.391928
0.3412142 1.212522
0.4056181 0.728381
0.4381203 0.4945171
0.4513167 1.142901
0.4663284 2.08587
0.385806 1.938774
0.4208049 1.096707
0.3386042 1.825767
0.2210772 1.754633
0.230726 1.537385
0.4759304 1.852799
0.1897068 2.697151
0.4302941 2.367797
0.3728555 2.366031
0.2314259 2.326482
0.2415875 0.8629762
0.1885183 1.046888
0.5200121 0.9712312
0.4511587 0.7743946
0.4146981 0.4911845
0.4436553 0.2757711
0.2899678 0.7130959
0.4524355 0.7535274
0.3089771 0.5443105
0.3759731 0.6265275
0.3052369 0.7313025
0.5185217 0.3798455
0.4917164 0.5773799
0.4348345 0.5592286
0.5609394 0.5605788
0.6399508 0.7765372
0.7430536 0.8579409
0.656967 1.458001
0.4906103 0.5273029
0.4566182 0.681239
0.2769762 0.8761486
0.3179368 1.298609
0.42613 3.712549
0.4047296 2.610936
0.4493139 2.281261
0.2936052 2.448792
0.3125792 1.132163
0.3048396 0.4312657
0.2467319 0.6954434
0.2800705 0.8081098
0.3514281 1.075916
0.3207046 0.9310313
0.2081893 1.159212
0.3261379 1.651394
0.3672802 0.871669
0.2323375 0.518061
0.2485866 0.4876342
0.3624342 1.658547
0.4149012 0.5302559
0.3282965 0.5783217
0.4427691 0.6057983
0.4514252 0.3044513
0.4186786 0.4055339
0.2906787 0.766198
0.5466356 0.6651459
0.2115102 0.2536375
0.1998255 0.3583163
0.4890391 0.4058936
0.421997 0.3618715
0.3600941 0.5776862
0.3927946 0.4465834
0.3971766 0.3187792
0.4943268 0.3332388
0.3091066 0.4713518
0.3198653 0.65562
0.3815718 0.6148003
0.4060482 0.8240262
0.4485784 0.7808712
0.3558748 0.9694497
0.2963538 0.6203176
0.4900529 0.6415485
0.361268 0.3637804
0.5328272 1.176249
0.5150232 0.5089276
0.2349389 1.052943
0.4195404 1.473186
0.374193 4.032337
0.4049797 4.681863
0.3229782 4.059925
0.2903535 4.861751
0.2611893 3.465504
0.4116901 1.10413
0.4143576 0.7315873
0.4246672 0.347229
0.4114517 0.3047696
0.2660374 0.5362445
0.2491378 0.6794718
0.5367915 0.7116732
0.3768028 0.7679826
0.4062382 0.3428291
0.5536904 0.8329664
0.3832075 0.5969224
0.3574397 0.768908
0.4296406 0.9163606
0.5036549 0.3533252
0.4260159 0.5100014
0.3414736 1.339477
0.4186956 1.349378
0.2444759 0.5896859
0.2379119 0.7850245
0.3670863 0.665857
0.4919239 0.3332663
0.4459787 0.5542267
0.2642897 0.88317
0.5504788 1.426033
0.6235845 1.604467
0.502371 0.8348318
0.5187139 0.3536081
0.612681 0.4970765
0.5350013 0.4587021
0.356934 0.332115
0.5941536 0.555241
0.5859613 1.812184
0.4437354 1.416557
0.4330924 1.023016
0.4849843 0.611587
0.3071632 1.103403
0.3355232 0.7630903
0.4666655 1.397636
0.417839 0.6386061
0.4149433 0.4514988
0.3312197 0.532796
0.52199 0.457979
0.319025 0.3172315
0.3369326 1.136223
0.3498025 0.8734269
0.5281439 0.5943762
0.2835602 0.4415832
0.2078078 0.4341857
0.2337898 1.002635
0.5170394 1.368443
0.4478833 1.196008
0.4650054 1.863955
0.5171581 1.19409
0.2864052 1.439267
0.367692 1.604712
0.3781927 1.644804
0.4178368 0.6179162
0.3862565 0.6091099
0.352279 0.789283
0.3132066 0.8060708
0.2742977 1.026115
0.2035193 1.041059
0.3624709 2.07571
0.4179114 2.100021
0.3241926 2.129651
0.2619235 2.246897
0.1733681 3.249309
0.3149369 1.183947
0.1990243 0.6695112
0.2887883 1.0819
0.3823612 0.6008937
0.2051563 0.9628554
0.2390981 1.226462
0.2954635 1.050593
0.2582004 0.7099978
0.2193448 0.4205475
0.449675 0.6072909
0.3334287 0.4534516
0.4338826 0.4328681
0.2346976 0.6735939
0.3310778 0.5361219
0.3585072 0.5775247
0.3276799 0.6242464
0.6450131 0.7320912
0.5623494 1.105878
0.1985697 0.8987197
0.2364524 2.330209
0.5657631 1.472242
0.4415943 1.470904
0.4608628 1.010298
0.3635228 0.5369502
0.5109151 0.5122857
0.5297394 0.7431006
0.4506301 1.215462
0.367652 0.6103774
0.2889783 0.4919365
0.3909767 0.8329388
0.5427315 1.003192
0.3242859 0.8306859
0.1998211 0.5746828
0.5133643 0.3250861
0.3970752 0.5100716
0.2554473 0.6799372
0.3488058 1.022869
0.237837 0.9711882
0.2425181 1.877437
0.391905 2.069119
0.4199734 1.300805
0.4294412 0.9342405
0.388217 1.013821
0.1815266 1.287293
0.2661901 1.006985
0.477721 1.054961
0.3055942 0.3721926
0.4768034 0.3332043
0.4000417 0.3673038
0.3963929 0.7207762
0.5207314 1.886765
0.4259024 0.6140241
0.3301164 0.8745519
0.5027683 2.080736
0.5292864 1.055105
0.4570904 0.3592123
0.5955497 0.7041202
0.4346494 1.0462
0.5390955 0.739156
0.3463618 0.5344136
0.4607882 0.5840293
0.4017092 0.3504972
0.3365088 0.4980962
0.4875796 0.5792137
0.4704711 0.2462424
0.3125662 0.5865821
0.3234119 0.5347889
0.2721717 0.608483
0.5364043 0.268138
0.2704377 0.5612478
0.3934449 0.8515095
0.2437529 0.7734726
0.367373 0.4931763
0.3823243 0.5413956
0.3763522 0.6980309
0.3656516 0.7292908
0.4665652 0.4503006
0.6675858 1.296378
0.3158187 0.6943
0.3609459 1.614423
0.2564571 1.733584
0.3917417 1.404332
0.64183 0.9167489
0.5989307 0.4285982
0.4715412 0.3829888
0.5807918 0.3389103
0.4968298 0.9278657
0.3903693 0.5306286
0.6153285 0.5545085
0.4987214 0.8580249
0.5466383 1.097678
0.3788379 0.9289189
0.3907607 0.3899002
0.5318662 0.652054
0.4518414 0.3376591
0.4385407 0.5488386
0.5810722 0.3797367
0.6721119 0.3756821
0.5139574 0.5631317
0.263711 0.4519161
0.3944606 0.5639599
0.7152568 0.6295638
0.4417044 0.8725151
0.5928377 0.5242816
0.6451647 0.4567328
0.4178146 0.7536296
0.5846481 0.5900403
0.4628941 0.5805362
0.2817079 0.3176591
0.3473113 0.8305702
0.2005647 0.5316936
0.2813457 0.3832363
0.2449772 0.3707675
0.5181136 1.096423
0.7085393 1.169271
0.514818 0.9962279
0.6191012 0.889976
0.5124426 0.6865871
0.4120292 0.9559656
0.2000347 0.3883309
0.431272 0.3945405
0.47379 0.572196
0.5057057 0.4177068
0.4881881 0.7968307
0.5092714 0.6725994
0.3821765 0.879015
0.3399559 0.3638849
0.4221746 0.5414925
0.5309392 0.6103499
0.512501 0.7691591
0.4900597 0.4484485
0.4195786 0.8226881
0.4185075 1.451601
0.2881986 0.6362901
0.3906139 0.5060573
0.2534242 0.8558579
0.5459957 0.410766
0.3478102 0.4240406
0.4529498 0.7009009
0.2535938 0.8045871
0.3374771 1.316142
0.3005704 0.6469981
0.3863551 0.8439804
0.4023265 0.5893337
0.2853615 0.2966532
0.4687955 0.6167327
0.5555957 0.4911289
0.4831173 0.6761056
0.4614292 0.8275786
0.3974082 0.4942294
0.421525 0.2651463
0.3690428 0.5570228
0.4657067 0.4901876
0.3027517 0.7025649
0.3254703 0.5350984
0.2406576 0.7696863
0.3869015 0.6862121
0.3568597 1.268817
0.231185 0.6827515
0.164826 0.7818044
0.3284167 1.526618
0.4496849 1.314872
0.3015627 1.078673
0.3359307 1.361831
0.4154484 0.7039386
0.2973121 0.6841101
0.3808968 0.7274129
0.4116334 0.4381636
0.4491434 1.115121
0.4833523 0.8760549
0.388012 0.4837229
0.5698729 0.8477055
0.4830029 2.605999
0.3682806 2.543273
0.5385353 2.704348
0.2766804 2.115488
0.1461184 1.184892
0.5563951 1.072254
0.4573171 1.013761
0.4895301 0.5508367
0.4431226 0.4922595
0.4256713 0.4034671
0.5099346 0.3332965
0.5402218 0.3609855
0.4047281 0.3488952
0.7917654 0.5131603
0.6379252 0.477354
0.7035692 0.5721954
0.5992238 0.5933385
0.6223916 0.660929
0.5682823 0.7099169
0.4035238 0.3205975
0.4376287 0.4707499
0.6543718 0.4817838
0.4442346 0.9061887
0.2303782 0.9181062
0.426216 0.8037333
0.543739 1.132115
0.198903 1.462895
0.4117843 0.4768703
0.4387122 1.243345
0.4679681 0.6718515
0.5001756 0.6118803
0.5809068 0.4695757
0.5876926 0.4353447
0.5307179 0.5819435
0.4171329 0.3881743
0.3291729 0.8568584
0.2971086 0.7607527
0.639709 0.7670956
0.4634726 0.2644308
0.6570482 0.4514829
0.5309643 0.6727876
0.5513703 0.3566893
0.5415458 0.3656198
0.4308351 0.8607538
0.300712 0.7552764
0.3887563 0.8315696
0.4199251 0.5600343
0.2767921 1.067575
0.3724044 1.914985
0.3874642 0.8909884
0.4230139 1.03323
0.278676 1.480538
0.4758625 1.640301
0.4095098 6.850368
0.435804 8.146973
0.1696397 1.793517
0.1861068 2.048541
0.4429868 3.649735
0.4243899 3.003943
0.3190792 1.67419
0.4708085 1.00595
0.4270831 0.9688421
0.4211872 0.316766
0.5844414 0.4059555
0.4095279 0.3890087
0.3929032 0.682403
0.4494991 0.5391302
0.4876266 0.2331778
0.4859971 0.3709606
0.4382182 0.7171969
0.2984843 0.7104359
0.3587612 0.5355277
0.2161971 0.8301943
0.1626564 1.458308
0.2890702 1.980879
0.4842641 1.349459
0.3384295 0.6142573
0.2843462 0.6728595
0.4559571 0.6383071
0.3426326 0.3953208
0.348029 0.4402832
0.5251664 0.6004241
0.2420417 0.4932956
0.2850487 0.5925467
0.5653445 1.078392
0.448277 0.6108921
0.3052115 1.124728
0.3861916 0.855783
0.4470614 1.050449
0.484921 1.121978
0.3901175 0.693018
0.4688296 0.4827547
0.5953176 0.9006198
0.3848919 1.405067
0.3694785 0.718843
0.3196785 0.8697924
0.387728 1.303859
0.3160499 1.533547
0.5235073 1.738116
0.2287943 1.871115
0.2966575 1.167688
0.4677243 0.65497
0.3474921 0.5351499
0.537217 0.5474096
0.2973215 0.3732136
0.3684561 0.7430496
0.3153806 0.5713882
0.3219451 1.024729
0.3537918 1.09502
0.3297659 2.398986
0.1878828 2.595438
0.3177203 1.053638
0.1945351 1.075107
0.356138 1.343713
0.2987581 1.336105
0.3601848 0.5913729
0.4031991 0.7266066
0.5193073 1.299739
0.5227345 1.217562
0.4164193 1.3991
0.3127266 1.021601
0.2591 0.8212143
0.2606149 0.4993663
0.5118354 0.7932705
0.2841405 1.372014
0.5032027 0.9413481
0.3979567 0.4005611
0.4616254 0.489211
0.3550806 0.3783429
0.4808453 0.5962497
0.5706175 0.4529778
0.4917187 0.6613532
0.7064925 1.690929
0.3839057 0.9350943
0.3555964 1.5527
0.3392219 2.521815
0.4125508 2.166044
0.4374079 0.8566885
0.4403152 1.186867
0.3486345 0.6803703
0.4165992 0.4160582
0.5279738 0.4257283
0.4252609 0.4522408
0.523302 0.824903
0.3281555 0.3499919
0.431375 0.7542888
0.2352369 1.088752
0.2907586 1.429034
0.4633343 0.7635154
0.3586191 0.9882915
0.3049327 0.5067227
0.438055 0.2868087
0.5989068 0.6835666
0.4279597 0.6364474
0.4922353 0.440229
0.3629205 0.2717865
0.2879024 0.2906168
0.4446797 0.698089
0.381443 0.4959718
0.4112334 0.3840538
0.4414953 0.649117
0.3337933 0.4752481
0.417297 1.066156
0.421174 0.469389
0.2455471 0.6146704
0.4181003 0.5562584
0.2309734 0.7141511
0.3538262 0.6774659
0.43638 0.7715227
0.5022454 0.7893954
0.3716614 2.00922
0.2677185 0.8284859
0.4578696 0.7242534
0.3831003 0.5466902
0.3640255 0.4633952
0.3427582 0.5971534
0.4284428 0.36015
0.3272625 0.5337729
0.5277275 0.5465448
0.3553178 1.286528
0.5284683 0.615662
0.3713996 1.196702
0.354977 0.8713847
0.5233463 0.5914972
0.4931371 1.089602
0.4377482 0.6426692
0.2311885 0.8445551
0.3307248 0.5138778
0.4412413 0.5896419
0.4864397 0.5858506
0.3771278 0.536119
0.4285528 0.4751662
0.2871032 0.5086114
0.3150113 0.8040318
0.6559973 0.6144704
0.4253147 0.5304152
0.5544392 0.3781627
0.2683931 0.8531197
0.2747389 1.491184
0.2766939 3.9033
0.3270735 3.195569
0.3699576 1.652527
0.5686678 1.681382
0.6863122 1.181113
0.4186271 1.594998
0.4860476 1.723878
0.4046145 0.7145657
0.2089214 0.9326804
0.4738172 2.693898
0.2906704 1.711097
0.5011472 2.842425
0.2775459 2.009791
0.3730948 0.717983
0.2755299 1.208036
0.3750191 0.5311527
0.3734573 0.3576217
0.6137959 0.4376938
0.4701166 0.5125307
0.3359976 0.2609257
0.350216 0.6763901
0.3131124 0.4756797
0.2324551 0.2865032
0.3319842 0.6241818
0.4067779 0.886568
0.3487356 0.2926059
0.3093274 0.3950418
0.3709243 0.5021853
0.257971 0.7218604
0.2876899 0.5324605
0.3696383 0.7314952
0.4715405 0.8044536
0.4651999 0.4776482
0.580855 1.490393
0.4375799 1.335882
0.5291179 1.577914
0.4351368 0.843474
0.2932249 0.5537431
0.1746979 0.8677501
0.3273431 0.5548399
0.3196589 1.277354
0.3576491 2.782366
0.2086525 2.191752
0.2573435 1.599937
0.3698629 0.9110182
0.2604054 1.077328
0.2998118 1.281907
0.357307 0.9344331
0.3096625 0.5513579
0.2792547 0.6067326
0.4254642 0.5806218
0.2206804 0.7940205
0.391507 0.7192748
0.4009901 0.5940477
0.2176427 0.4835717
0.4108829 0.2765694
0.3288569 0.3347832
0.3682072 0.3331966
0.4959162 0.4924934
0.5041723 0.9997236
0.4910149 0.7869327
0.504239 1.094978
0.5204732 2.681882
0.4631612 0.8531688
0.2864134 0.783118
0.3331513 0.8167576
0.6497333 1.286483
0.4019473 0.9872504
0.5169138 0.5352691
0.3448765 1.635661
0.198884 1.967976
0.6043966 0.7385461
0.6135122 0.4422058
0.4921941 0.1846923
0.3429482 0.5521483
0.5260346 0.6566016
0.4572304 0.7735092
0.3989892 0.8077718
0.236129 0.4704329
0.3343451 0.4222251
0.3489241 0.3997206
0.4859202 0.4380306
0.5579626 0.7449821
0.464386 0.4821912
0.3608333 0.515549
0.4967776 0.3218945
0.3996013 1.083198
0.4195917 2.015158
0.4168482 1.203781
0.2793522 1.00191
0.3450743 0.5352514
0.4091775 1.489791
0.2166531 1.105983
0.3949434 0.5141379
0.5088793 0.8518474
0.5075951 0.6432229
0.4352269 0.5670016
0.4354555 0.7622648
0.2391848 0.5664514
0.4348491 0.5032808
0.2837748 0.3273998
0.6744033 0.7645447
0.4415468 0.4825204
0.2025994 0.3193605
0.2420465 0.4058089
0.3475128 0.6544159
0.2289248 0.8741375
0.4474781 0.8669649
0.2130344 0.515752
0.5376767 0.6343736
0.3227273 0.5764766
0.4083832 1.404098
0.4168768 0.6622939
0.5848291 0.3988592
0.3728283 0.4013793
0.3614839 0.6562775
0.702847 0.5239345
0.5759975 0.3425023
0.457356 0.2215481
0.7238008 0.4163825
0.3289563 0.7760605
0.602856 0.8193367
0.5174578 0.6462473
0.469627 0.4766436
0.4753028 0.5878627
0.3888219 0.6324277
0.3662437 0.59601
0.4626768 1.460328
0.627866 0.7726224
0.745414 0.5771166
0.5077925 0.5481496
0.4996286 0.5955909
0.5625981 0.4422522
0.5513332 0.4756953
0.5218151 1.106112
0.5604631 0.9700865
0.5836716 0.3964013
0.6155661 0.7699969
0.3980119 1.035004
0.4608403 1.180342
0.2433844 0.9297179
0.5162885 2.840572
0.2092029 3.289179
0.4863341 4.260149
0.3176527 6.955783
0.4521509 7.148604
0.3509534 6.059118
0.3892649 7.139689
0.3601829 6.646205
0.2143036 1.127857
0.3574667 0.7609844
0.5112605 0.4977146
0.4056261 0.4889499
0.3648631 0.6174208
0.2266768 0.6242617
0.3126107 0.4160587
0.524228 0.3319644
0.4388936 0.598898
0.2428343 0.4961047
0.3893504 0.2517305
0.6155111 0.3056738
0.5260919 0.4332858
0.5130742 0.4861621
0.66434 0.3587154
0.4617257 0.1834767
0.771751 0.2071461
0.6603721 0.4555483
0.7188001 0.739494
0.5636341 0.3689476
0.4723158 0.6154249
0.4078276 0.5402927
0.5784209 0.5269689
0.5598738 0.531815
0.2245782 0.9240739
0.3949338 0.8928437
0.4845073 0.7776475
0.3951473 0.4216102
0.3649407 0.7044923
0.6502017 0.2650767
0.6974714 0.3072017
0.5671628 0.3875345
0.5803974 0.3938309
0.5746838 0.3910226
0.4386969 0.6484731
0.4422643 0.5946766
0.2892894 0.9176619
0.4607917 0.9564056
0.4957954 0.4766727
0.5344352 0.3512442
0.5765604 0.4113172
0.5631427 0.423799
0.364038 0.5485071
0.4507569 1.024719
0.4810711 1.157511
0.6084709 0.3119971
0.3869028 0.45556
0.5741122 0.7827712
0.4325489 0.7386417
0.4320714 0.5502906
0.447224 0.8188434
0.4921279 0.7299282
0.5741248 0.5419987
0.6487802 0.3895453
0.4664761 0.6995764
0.5897566 0.2983068
0.6007814 1.049254
0.7625129 0.7236487
0.5393887 0.7843861
0.6495591 0.6671701
0.5086028 0.3915118
0.3132631 0.2833554
0.4463137 0.6032482
0.5093717 0.4522556
0.7611654 1.351332
0.4655783 0.5901265
0.7523837 0.5959779
0.6162146 0.5786719
0.4799029 0.5027746
0.5167239 0.4899029
0.5283526 0.3344119
0.3969143 0.5417497
0.6470802 0.3295747
0.6139099 0.6439476
0.2940107 0.411998
0.4392837 0.6686636
0.452634 1.144675
0.615531 0.4930356
0.3997691 0.7343054
0.458278 0.5723166
0.3239258 0.9151059
0.4087874 0.9553848
0.2815679 1.624062
0.2474517 1.031784
0.4384205 0.7993151
0.2788818 0.4776079
0.3493112 0.6206471
0.2350308 1.278256
0.3239489 1.802572
0.2511911 1.569304
0.1977686 0.9231942
0.354898 0.8841848
0.5144404 0.3799957
0.2677564 0.427101
0.404303 0.4153626
0.5367473 0.4317768
0.7184444 0.2335978
0.5896468 0.2886837
0.6761126 0.5312012
0.5137472 0.4421474
0.6478048 0.4392871
0.3308253 0.2657365
0.4581684 0.2990742
0.4766926 0.2770615
0.5323552 0.7831395
0.4134809 0.4237905
0.3919244 0.3412271
0.5189828 0.5537258
0.6569306 0.4735167
0.6099747 1.088145
0.2980925 1.469404
0.3987586 0.8205433
0.5125895 0.6566628
0.1354065 0.8048813
0.3742439 0.6629154
0.4317361 2.258007
0.2472695 2.703493
0.2196702 9.04702
0.3308713 3.269439
0.317649 2.868025
0.4963218 1.398982
0.7057754 1.20688
0.4700466 0.7206718
0.5557364 0.8929436
0.5628835 0.6599998
0.472411 0.4522457
0.5036772 0.3761477
0.5325692 0.4389791
0.4675066 0.4966228
0.3372443 0.3905432
0.345627 0.4279776
0.5023247 0.4554073
0.4649576 0.7617869
0.2186642 0.5190464
0.4459841 0.7504937
0.3961072 0.3589423
0.4586028 0.558143
0.5581325 0.5499324
0.4819595 0.4385373
0.4854779 0.8669933
0.3168948 0.4180576
0.5032639 0.6023759
0.4280857 0.6734739
0.2991927 0.4286728
0.4293333 0.5320703
0.4792809 1.126845
0.4267525 0.5383571
0.3679034 0.6548012
0.361527 0.462133
0.3957753 0.2971848
0.4182552 0.2494583
0.5325462 0.4230473
0.5243894 0.1854857
0.4069285 0.3885502
0.4878183 0.5712966
0.407067 0.8453394
0.4791075 0.8059965
0.4655692 0.6477063
0.3953738 0.8368559
0.2968157 0.8200313
0.1898587 1.363887
0.1931118 3.374159
0.3557376 4.581749
0.4355229 3.878536
0.3479708 1.824549
0.3134447 1.483537
0.2909396 1.088278
0.328633 1.030633
0.3664523 0.995248
0.4063521 1.196123
0.2443772 1.672242
0.5126942 0.5957919
0.6018178 0.3466722
0.4365249 0.4811755
0.7159355 0.4319017
0.6165412 0.3045046
0.6150129 0.3032636
0.4157653 0.7912067
0.613945 1.194975
0.4467416 0.5138663
0.2816593 0.4012357
0.4350339 0.5038028
0.4287413 0.3929894
0.7078736 1.331761
0.3104537 0.8280762
0.33096 0.3835255
0.5832673 0.2897356
0.3733038 0.2582603
0.4647819 0.3940419
0.5255468 0.7843453
0.4232898 0.6135758
0.2953751 1.129286
0.3954204 1.2464
0.3227135 2.165826
0.3745297 1.182742
0.5548463 0.5953429
0.6806557 0.3774972
0.5261456 0.4615462
0.495361 0.5537789
0.2834959 0.4896
0.3830969 0.3376397
0.2871585 0.4037247
0.3329147 0.3596375
0.4386581 0.5174229
0.6045951 0.6135935
0.3342515 0.6363096
0.5583619 0.6585283
0.291313 0.8425881
0.4603857 0.5048619
0.4492887 0.3880955
0.2999202 0.6149102
0.5035258 1.235404
0.5625072 1.485718
0.395969 0.9169302
0.3204168 0.7607434
0.5497638 0.6257975
0.2696702 0.8508254
0.4044359 1.614394
0.4720569 0.9956533
0.4866665 0.643981
0.3117345 1.148574
0.2926197 0.8230187
0.4153571 0.6098777
0.3690076 0.3918227
0.5896928 0.5518496
0.6365623 0.4437112
0.6488719 0.3794049
0.5344127 1.172955
0.4395093 0.6967059
0.4931294 0.3865344
0.4554439 1.197903
0.4822363 1.164256
0.4789383 0.8244261
0.4333803 1.3847
0.6683267 0.7777851
0.3545053 0.6911423
0.2948891 0.9483583
0.4562114 0.57727
0.4439562 0.6127876
0.3320012 0.5527041
0.3838088 0.800758
0.4673329 0.4917014
0.5277787 0.4470838
0.295556 0.4712014
0.5045192 0.39181
0.3975487 0.7680677
0.5777257 0.769513
0.3602502 0.9635695
0.3939429 0.3659208
0.5175644 0.4646754
0.4528801 0.3805366
0.5384941 0.5524551
0.4303861 0.9011077
0.3598727 0.7765436
0.4153121 1.495122
0.3516605 1.192472
0.3084718 0.8028503
0.5150649 0.7432707
0.4352029 0.603913
0.3330231 0.609412
0.284565 0.8612546
0.5622188 3.72979
0.2616369 1.778845
0.3293726 1.605611
0.2799636 1.196031
0.3407519 0.6514073
0.4464327 1.084917
0.4633281 1.175083
0.2712585 0.7484736
0.4004586 0.8128432
0.4209256 0.9642203
0.4798451 1.101541
0.6244155 0.9486403
0.3827281 1.183857
0.5761923 0.6229362
0.4090753 0.6072432
0.4133363 0.8347326
0.5246928 0.5991784
0.3884516 0.7537033
0.3878132 0.5730851
0.5236122 0.8056723
0.3480675 0.9442817
0.4028655 0.8101849
0.4801329 0.5486741
0.4009125 0.8112434
0.4956377 0.6284212
0.4276856 0.3520116
0.4158018 0.6794092
0.589887 0.5093739
0.3919399 0.5621497
0.3719743 0.3750909
0.5910579 0.2668278
0.4441412 0.3279295
0.3209908 0.290991
0.3792288 0.4881824
0.4759012 0.6041714
0.4900896 0.9565129
0.6113996 1.794989
0.3499244 0.8870209
0.4711607 1.29222
0.4461621 3.383311
0.2491911 2.583815
0.3737923 1.009697
0.3285577 1.688843
0.2126332 1.012174
0.4804629 1.074916
0.2687726 2.90539
0.3284597 0.5952567
0.3056782 0.3972111
0.3161569 0.460411
0.3517674 0.6235395
0.4053684 0.7402779
0.3567758 0.8294444
0.3733724 0.782313
0.3738236 0.6733453
0.4054774 0.7079666
0.3627019 1.858196
0.5195953 1.180844
0.6715473 0.8718483
0.3732348 0.6813492
0.3248455 0.5620267
0.4834871 0.291575
0.4312819 0.7732742
0.5628357 0.4702356
0.3279799 0.6239611
0.505454 0.8364537
0.3062017 1.158476
0.3728104 0.8228918
0.4599599 0.6990028
0.2744291 0.6064134
0.4011889 0.2109533
0.4375528 0.2981338
0.3483106 0.3481098
0.5938655 0.540243
0.4966901 0.3795578
0.4003751 0.5036621
0.3618287 0.7643069
0.5064864 0.9504428
0.49253 0.8932746
0.2472284 1.031965
0.2968948 1.232038
0.4527458 0.5413973
0.3577573 0.8742742
0.2499343 0.6089773
0.3208366 0.4912892
0.2663317 0.5506093
0.5259357 0.4232838
0.6454561 0.3007717
0.4674509 0.4779793
0.3159032 1.497824
0.5238717 1.505344
0.3586043 0.5968836
0.3967835 0.4618568
0.4103005 1.131253
0.5516143 1.695955
0.4404657 0.3594126
0.2943384 0.418607
0.5997283 0.4524559
0.4692804 0.6571524
0.3660368 0.7099364
0.4566276 1.230813
0.4247654 1.513355
0.1982937 0.9504955
0.2794944 0.7922712
0.3924317 0.4411566
0.3283037 0.503613
0.5611427 0.404647
0.4589818 0.5030085
0.2971142 0.5033846
0.5457709 0.3490692
0.5537216 0.4336599
0.514246 0.495744
0.4247639 0.5215094
0.326211 0.401283
0.4225601 0.8938508
0.2940229 1.043337
0.350805 1.227415
0.4003781 1.060912
0.4086627 0.6126572
0.2842639 0.6853374
0.4858456 0.4765934
0.1803073 0.4372004
0.2865724 0.8081027
0.4585036 0.6015449
0.4055335 0.3625867
0.4688198 0.6080329
0.4525908 0.8936361
0.3423076 0.6082832
0.4404027 0.5284929
0.2752467 0.5028003
0.4702148 0.3971733
0.2837501 0.7949018
0.2608467 0.5995345
0.420838 0.4778422
0.5829573 0.6138808
0.4227206 0.7973907
0.4220925 1.154893
0.3445838 0.72255
0.37262 0.5708561
0.5939952 0.867628
0.5245589 0.6483019
0.4211863 1.125847
0.4252226 0.9983364
0.3145648 0.537737
0.5749273 0.4181604
0.3698572 0.8394298
0.5097119 0.3493675
0.6714009 0.5183331
0.3466913 0.5471715
0.4456499 0.5153366
0.4835527 0.5402388
0.2046736 0.4746656
0.3502558 0.3455726
0.3511973 0.7975169
0.4463192 0.4407299
0.5669933 0.3342251
0.4557159 0.9676686
0.5330734 0.361098
0.7445643 0.2500961
0.4990821 0.379743
0.5561461 0.6852426
0.6981417 0.99648
0.5341219 0.5638993
0.4821925 0.7336694
0.4267767 0.9391542
0.5912711 0.7145386
0.5041351 0.8993939
0.5066127 1.415551
0.3688008 0.5800827
0.2826507 0.3138247
0.2915437 0.6666369
0.4561718 0.4779613
0.3039671 0.6892176
0.3853994 0.7213254
0.3717291 0.4545058
0.4495716 0.4197809
0.306439 1.199083
0.2474111 2.863062
0.3406319 0.9758236
0.3483925 0.8518809
0.3371168 0.4251516
0.4223537 0.4456659
0.4455771 0.664597
0.65017 0.6325321
0.3869989 0.7203873
0.5627487 0.4552356
0.3353838 0.7255658
0.5337758 0.7491789
0.5160634 0.8398931
0.4209287 0.642946
0.2785556 0.5133924
0.4454634 0.3911383
0.4953901 0.6883372
0.5204829 0.7853255
0.4216265 0.9543252
0.5906392 0.5387676
0.6708115 0.5647898
0.4503605 0.6898582
0.4629331 0.2911288
0.6044635 0.4740129
0.4913057 0.4194602
0.5614217 0.4044545
0.3033985 0.4074795
0.4074859 0.6822366
0.2511104 1.053638
0.2188087 0.9886873
0.3584436 0.9249181
0.3858297 1.122046
0.5227802 0.9165811
0.6107278 0.8635453
0.5002582 1.548616
0.3285338 0.8630619
0.2306745 0.5120539
0.2521337 0.4169435
0.314371 0.6243838
0.2969995 0.6175353
0.3278617 0.6691046
0.4401593 0.6379106
0.6439158 0.7576144
0.4238301 0.3893746
0.4579695 0.3158796
0.4672822 0.4171899
0.3738177 0.3690988
0.5038836 1.137659
0.4029088 0.9138531
0.3738562 0.5871428
0.3378685 1.366666
0.3892436 0.3579009
0.4699372 0.5671289
0.2432906 0.5596559
0.1894761 0.6554458
0.2378312 0.5678024
0.2654863 0.3991099
0.3408665 0.3794312
0.4794265 0.4214711
0.3948423 0.3844033
0.5933913 0.5007839
0.4354698 0.8058446
0.4444937 0.5074898
0.6688503 1.440387
0.2603614 1.597923
0.2224801 0.9937158
0.505033 0.4617375
0.3104897 0.5724804
0.3562911 1.042634
0.4340332 0.6710822
0.6190087 0.4644411
0.4301297 0.8253587
0.3708781 0.5666635
0.3575092 0.8585976
0.4796603 0.7401395
0.4890016 1.408888
0.5170246 1.022143
0.5048317 0.5806498
0.5727696 0.2714931
0.6334414 0.3401408
0.4823896 0.7329917
0.3529656 1.234005
0.4901714 0.5050426
0.2317995 0.5828461
0.3021164 0.2725472
0.239154 0.6851329
0.4892109 0.937236
0.4603539 0.4175043
0.4255562 0.8727794
0.4221505 0.4992613
0.4483176 0.4584654
0.4777974 0.3955023
0.3884898 0.608209
0.6493757 0.2826662
0.4838658 0.8426276
0.4736294 0.6865905
0.2699649 0.6887726
0.4761068 0.6808266
0.2486301 1.333892
0.2289085 1.36794
0.4049781 0.9012409
0.4085996 1.284241
0.2932889 0.6373024
0.3363532 0.3467156
0.1594303 1.014134
0.4985428 0.5878852
0.3788051 0.5870137
0.4005632 0.4790277
0.3880866 0.5297622
0.4539703 0.5627228
0.5200634 0.385826
0.3917576 1.915926
0.3187058 1.3494
0.6884736 0.6726758
0.6247885 1.409948
0.4381695 0.7054813
0.4490407 1.101707
0.3264864 0.7145256
0.3310474 0.3981277
0.3615275 0.3737712
0.3557298 0.3613355
0.4258518 0.1618214
0.4130846 0.3432828
0.5435979 0.5090834
0.461809 0.6576415
0.4428429 1.171467
0.3866002 0.8019233
0.4056605 0.3051765
0.4106699 0.2727113
0.4999137 0.5335397
0.4673871 0.5217033
0.2743981 0.3368959
0.548504 0.7339537
0.4065505 1.018652
0.3210323 0.5916708
0.3714844 0.7928844
0.3532182 0.3999439
0.2471525 0.3317388
0.2070518 0.5260375
0.351491 0.4861923
0.5117447 0.5313793
0.5191386 0.3912287
0.5896586 0.4079751
0.4337867 0.4277302
0.5082742 0.4945049
0.3558192 0.5145484
0.3213063 0.6791139
0.284708 0.7533882
0.3873125 0.7874435
0.4174378 1.616554
0.4635426 2.560276
0.3779962 2.337775
0.3844598 2.603404
0.3538867 1.338832
0.3889558 0.465182
0.3741328 0.7088272
0.4115522 0.4298605
0.3854791 1.025923
0.6645327 1.835651
0.340953 0.6757346
0.4638587 0.4050397
0.2846583 0.5470337
0.4028875 0.4607577
0.4478023 0.6065111
0.3375428 0.9876486
0.3348154 0.4432993
0.4475333 0.3501064
0.6029214 0.439152
0.5120158 0.5323742
0.4144026 1.090344
0.5148377 0.606965
0.4218415 0.457187
0.331458 0.5064228
0.3045121 1.611421
0.2862132 0.4885533
0.5158603 1.397402
0.4060866 1.330302
0.541475 0.5623697
0.3201911 0.7046876
0.3023329 0.8047794
0.3113934 1.086184
0.3619443 0.8296219
0.3418322 1.365123
0.2528954 0.6384816
0.4400994 0.7705795
0.3695327 1.128726
0.507552 1.297484
0.4822037 0.6122852
0.5140066 0.7577467
0.5887002 0.9162765
0.5963224 0.3953252
0.4659218 0.4464185
0.4615665 0.5068286
0.5728007 0.4799572
0.5595614 0.5393868
0.6968775 0.3862332
0.6511428 0.4227791
0.6861429 0.7619986
0.7641471 0.7215817
0.7638886 0.3055753
0.6570763 0.3186873
0.7177674 0.5097295
0.7370434 0.3891773
0.6123358 0.9285091
0.702996 0.6592651
0.6851012 0.5336887
0.4855732 0.5946361
0.4960403 0.5726436
0.3702979 0.9020058
0.3600799 1.859999
0.3766683 0.6762458
0.3065837 0.5929565
0.4199924 0.7327984
0.2297767 0.5254484
0.1999477 0.6179559
0.5376655 0.5201101
0.3041003 0.5300402
0.3618856 0.6055077
0.5060401 0.5670623
0.4009374 0.4925391
0.2788282 1.389346
0.2213704 1.290569
0.3959776 1.336404
0.2321066 1.618265
0.3787969 0.3674928
0.4952745 0.527741
0.4202634 0.4659129
0.4167412 0.6016867
0.3560713 0.6618649
0.486125 0.4740173
0.4626206 0.7263517
0.4396745 0.5589379
0.3531976 0.2733393
0.5212666 0.7037556
0.3105657 0.469927
0.3638383 0.6410824
0.6450503 0.3907762
0.4780576 0.7597878
0.24156 0.5110995
0.4128615 1.844588
0.386098 0.8075753
0.4114387 0.6453489
0.6056548 0.88341
0.559927 0.4682848
0.605739 0.5545988
0.4981692 0.7796845
0.4437099 0.6828176
0.6635438 0.5164172
0.665622 0.6348283
0.3532589 0.4171028
0.1919217 0.4771557
0.380877 0.6830429
0.4597217 0.8052851
0.4327538 0.6894992
0.3069801 0.4611817
0.2576557 0.3848773
0.4987522 0.5173847
0.4952737 0.6291732
0.4020375 0.3463487
0.4108224 0.2497564
0.3056322 0.5039154
0.5206798 0.9239859
0.436701 0.3640679
0.4995818 1.06263
0.3403852 0.6972068
0.5645341 0.7378644
0.441663 0.4405405
0.3922201 0.6836397
0.1519287 0.7694339
0.4193133 0.7428201
0.3467385 0.7175241
0.4391408 0.8828118
0.3764703 0.9241122
0.3982302 1.719896
0.5307838 0.8797918
0.5096995 0.9356253
0.3587622 1.132604
0.4012964 2.875829
0.3794405 1.269451
0.4443267 1.768143
0.4561825 0.722917
0.5091787 0.5097238
0.5955917 0.5124574
0.3480617 0.6133934
0.5421084 0.5405322
0.4321419 1.096608
0.505545 0.6691977
0.3131651 0.6710718
0.511805 0.5182503
0.4732195 0.269289
0.6007573 1.090463
0.3723032 0.9080341
0.5451497 1.299759
0.481509 1.803582
0.5786427 1.043888
0.6844698 0.6714065
0.5250671 0.456445
0.4940502 0.4789819
0.5041284 0.5758435
0.5736516 0.5749094
0.3960756 0.4205717
0.3561289 0.9550362
0.5505336 0.5667367
0.2317933 0.6946447
0.2770302 0.767286
0.343362 1.09778
0.5487685 0.6510903
0.542138 1.414488
0.3151888 1.348809
0.3566456 1.316619
0.2713812 1.525451
0.4425084 0.6195399
0.4868104 0.4526876
0.413792 0.8419723
0.4376259 2.126776
0.5353138 1.275149
0.3628072 0.8294596
0.5819866 0.8100611
0.4896841 0.3423716
0.6469559 0.5858081
0.6082897 0.4850062
0.4285961 1.194898
0.3684022 0.7638471
0.3967543 0.4277252
0.5466297 0.3420947
0.5087406 0.5967248
0.3218037 0.8965118
0.3015337 0.9088851
0.4972137 0.2981671
0.4355758 0.4981488
0.4861865 0.8916049
0.4058781 0.8478128
0.3851545 0.4655433
0.3771955 0.9045734
0.3326804 0.7125412
0.2500741 0.6750541
0.5207157 0.5580686
0.2813795 0.362956
0.2677542 0.7670465
0.5150259 1.22286
0.4543308 0.4372298
0.3333903 0.645799
0.4431666 0.6257788
0.4672497 1.770928
0.4097568 2.485352
0.460263 4.078392
0.5950852 4.355403
0.3531704 2.758666
0.2471167 1.319497
0.394933 0.9652336
0.4134704 0.6630111
0.5830803 0.8066361
0.2956724 0.9022661
0.3987247 0.5810337
0.3288598 0.6666478
0.5583107 1.104007
0.3359761 0.5228228
0.3459547 0.3413307
0.4140638 0.4616017
0.4175554 0.4337329
0.3767856 0.4471321
0.6472334 0.3885708
0.5602892 0.3494429
0.5099988 0.4885866
0.6008627 0.4440215
0.4405023 0.4290107
0.3048011 0.3918384
0.5779895 1.024965
0.442121 0.7231379
0.4248827 0.8696757
0.3108571 0.7171003
0.3784309 0.4496125
0.3225644 0.6078905
0.4312385 0.2414894
0.494102 0.4630859
0.7274649 0.9683354
0.4533292 0.7342583
0.3443351 0.6423213
0.4867131 0.5311559
0.4388955 0.229473
0.2727716 0.3014374
0.3538584 0.3535051
0.2968717 0.5212706
0.2254828 0.5105662
0.4188448 0.4944574
0.35322 0.6375248
0.4847172 0.4750547
0.2968009 0.4793752
0.3561986 0.6143533
0.3377299 0.5308031
0.3143529 0.3280934
0.4444579 1.403627
0.5290228 1.849733
0.2902053 0.8844087
0.3810977 0.9934429
0.2946292 0.5040933
0.4567962 0.5385281
0.6219553 0.5586812
0.4159037 0.7875925
0.4417176 0.7223648
0.4497718 0.4350608
0.3733166 0.243888
0.3842929 0.329872
0.405603 0.8595046
0.5561313 1.00485
0.3571465 0.9814194
0.4073868 1.101858
0.45781 0.9015304
0.3387314 1.467491
0.389146 0.9664423
0.1771059 1.208098
0.3052925 0.5730137
0.2883229 0.8998124
0.2525716 0.5017094
0.3013367 1.021017
0.3100851 0.8131435
0.3378723 0.7182844
0.2662157 0.5128075
0.6176967 0.1947799
0.778457 0.2289012
0.6297002 0.6754702
0.377215 0.3975072
0.3962205 0.6483497
0.4677754 0.8562059
0.5082523 0.4405667
0.5578598 0.5227176
0.5549774 1.047064
0.541761 1.348574
0.5526819 0.8556572
0.4488774 0.3702193
0.554009 0.6550928
0.5878256 0.6771867
0.4000122 0.5034033
0.1968084 0.844659
0.4093337 1.332658
0.3958631 0.5123028
0.5081902 1.420151
0.6728904 1.242267
0.4304848 0.6625598
0.4117265 0.82255
0.3630403 1.900775
0.18196 0.9289102
0.5453797 1.432712
0.600579 1.897281
0.2587622 1.543406
0.3052172 1.852596
0.5012503 0.9885896
0.3534925 1.165142
0.5120623 1.336688
0.1706256 2.262846
0.1477894 1.702833
0.2713963 1.855571
0.5148088 1.666614
0.1346067 3.188888
0.3362689 3.687525
0.2678602 2.599575
0.5720679 1.905536
0.3741033 0.6521201
0.3275244 0.7829626
0.5681673 0.4181797
0.2619238 0.5364776
0.3827528 0.5814592
0.2187477 1.036327
0.4867291 0.5993779
0.3729435 1.069255
0.5710955 0.8877051
0.4792806 0.4275157
0.5511203 0.3733745
0.5188842 0.4340775
0.7105684 1.212888
0.5366852 1.430206
0.4200743 0.4876408
0.4244411 0.6289009
0.5576129 0.4003284
0.8066334 0.5491565
0.631231 0.3406639
0.4544466 0.3976989
0.4517888 0.7262194
0.4186838 0.8619955
0.5329874 0.8713991
0.5563335 0.6809604
0.3203846 0.4116534
0.2909385 0.7358241
0.416189 0.7059261
0.3588528 0.2304255
0.508923 0.4000702
0.6283951 1.154028
0.5092276 1.23793
0.5561994 0.9431776
0.6222793 0.7001589
0.400085 0.6903598
0.5595489 0.4999076
0.4949433 0.4117257
0.5374236 0.2286199
0.4345058 0.4625316
0.4129176 0.4016477
0.2311616 0.5571007
0.2964292 1.316176
0.4509855 1.665025
0.2458296 1.51759
0.462052 0.3122663
0.3751785 0.3801236
0.5014842 0.3943765
0.7343362 0.8628061
0.4632746 0.7093283
0.3665748 1.257974
0.4800646 1.499792
0.3524267 2.096321
0.286691 1.727808
0.3692203 2.035493
0.3478121 1.625956
0.4313398 0.4131764
0.3823367 0.6309428
0.3108772 0.3923824
0.3360358 0.4791718
0.2657816 1.738972
0.1864066 0.9684724
0.3922902 1.074525
0.466892 1.014018
0.4863459 2.35826
0.5909211 1.890501
0.5563891 1.940978
0.4179035 0.54292
0.2731272 0.4109149
0.3246036 0.479308
0.614362 0.787383
0.2936691 1.846804
0.2547102 0.8730198
0.2106674 1.419968
0.2946767 0.8144121
0.398613 0.6579749
0.2654081 1.017893
0.3675474 1.318737
0.2691211 1.997247
0.3208587 1.835613
0.3574896 1.013621
0.2509845 0.8910757
0.472315 1.463284
0.4088912 2.329554
0.2577424 2.40688
0.4420471 1.763816
0.4753494 1.040426
0.6867138 1.28207
0.2523257 1.429669
0.293146 0.8226057
0.2915898 0.9664097
0.3343984 0.6826871
0.2824118 2.207228
0.3506724 1.002294
0.2384063 0.7377717
0.4060589 0.7843399
0.4825808 1.517194
0.5070443 0.9136908
0.4931742 0.9091878
0.3798546 0.5544796
0.5342182 0.9909929
0.420306 1.620483
0.3276252 0.3054908
0.4777192 0.4437729
0.6029264 0.3969113
0.5173563 0.4769035
0.6304488 0.5797229
0.4832471 0.4686302
0.4919994 0.4906648
0.4228694 0.897014
0.3747736 0.6526094
0.4239205 0.4813522
0.337798 0.7621996
0.277586 0.3348403
0.345166 0.414216
0.4461333 0.4889928
0.4092209 0.2669103
0.4175505 0.7030266
0.3487322 0.6564121
0.2780429 0.5929361
0.436828 0.2163035
0.4278883 0.5490647
0.3262567 0.7650828
0.453363 1.160907
0.5374275 0.5849353
0.3529925 0.3072232
0.5268732 0.7930845
0.4906668 0.4188135
0.5064724 0.2379133
0.5229728 0.3988947
0.4707457 0.7053431
0.4589538 0.8473044
0.465343 1.003191
0.5954476 0.5142312
0.3526542 0.7649497
0.5573343 0.906847
0.4990218 0.7772605
0.432842 1.45454
0.736495 1.109594
0.4722862 1.393818
0.5466436 1.292409
0.4154085 0.2718974
0.5438493 0.2725191
0.7396026 0.4764027
0.5592827 0.30993
0.5376197 0.6182443
0.5275407 0.6147065
0.36649 1.163289
0.5232929 3.076996
0.3131398 2.087242
0.4747727 1.358186
0.3156983 0.5685378
0.4174738 1.019925
0.5929166 1.241044
0.3447103 1.261318
0.527015 0.4402487
0.2362799 0.5962804
0.3461167 0.7029148
0.3661498 0.6950708
0.3139375 0.5464197
0.3242832 0.2598863
0.3244628 0.5348689
0.2117157 0.9090841
0.3228639 0.8308451
0.5129115 1.180622
0.3695991 1.149293
0.4757573 0.8116803
0.4743979 1.071461
0.3685734 0.8452383
0.6562767 0.3846145
0.499818 0.4171196
0.4623795 1.202878
0.4768458 1.404553
0.3283657 0.9174645
0.5469394 0.3286291
0.6086775 0.274511
0.7099229 0.4585483
0.6145027 0.4865604
0.3051655 1.125401
0.4632338 0.6998121
0.5154791 0.9136911
0.4241095 0.6633167
0.4229718 0.6627795
0.5064744 0.600967
0.6607957 0.5899843
0.6570112 0.3484654
0.5724745 0.3846795
0.5764608 0.4179507
0.6630438 0.3972032
0.2590129 0.5136672
0.4317345 0.7538554
0.3170845 0.8263915
0.4682996 1.762559
0.4048142 1.651375
0.3482917 1.607341
0.6157731 1.60897
0.3795506 1.731927
0.3150644 0.3638473
0.7028586 0.4618697
0.632697 0.605134
0.624558 0.544778
0.5809459 0.7719684
0.3547748 0.7962659
0.3973439 0.9014926
0.4002647 0.6736958
0.339221 0.6960401
0.1564134 0.5913518
0.3586561 0.377726
0.3107216 0.2894716
0.2905559 0.7004552
0.4305408 0.4920093
0.2316349 0.5301055
0.3741571 0.6705186
0.540494 0.7846542
0.4695522 0.6113482
0.5239111 0.3765995
0.6057476 0.5567576
0.4707555 0.356574
0.4688134 0.5216593
0.2973298 0.4273123
0.6091544 0.8532689
0.5325208 0.5063465
0.3108993 0.6499933
0.2807868 0.2913635
0.3540032 0.4784837
0.36651 0.4999597
0.3108277 0.3877576
0.3735475 0.308228
0.4588662 0.6450911
0.6646599 0.7744244
0.4302721 0.3931199
0.4104821 0.5895635
0.386621 0.3500549
0.3573255 0.9052136
0.2925778 1.335953
0.2165403 1.539415
0.3972227 1.09506
0.4400355 0.4915441
0.4929361 0.8064263
0.3002522 0.7731231
0.3424058 0.3912901
0.5213475 0.5398811
0.362576 0.6842502
0.190939 0.6700524
0.3909416 0.238143
0.6101294 0.2091943
0.5364288 0.3771465
0.5678854 0.4230189
0.4916599 0.9064974
0.382845 0.8674812
0.4115155 0.7519096
0.4153 0.4601134
0.4998959 0.3259372
0.7669808 0.4497517
0.4447853 0.2169978
0.2798945 0.4367293
0.404381 0.8418607
0.4200689 0.7186038
0.4775848 0.7524488
0.5185321 0.7429051
0.3915577 0.4330312
0.3161411 0.208149
0.5038399 0.7730598
0.611259 0.8240769
0.553653 0.7041901
0.4951438 0.6366246
0.6712729 1.260942
0.3784524 1.328084
0.3539774 0.6960376
0.6294762 1.002077
0.7142931 0.3550117
0.7422734 0.3458943
0.7973524 0.4044146
0.4492845 0.3945098
0.6263278 0.9062193
0.5437813 0.4638605
0.4908153 0.388829
0.5825999 0.7499806
0.4167158 1.00256
0.2771552 1.273966
0.2454415 0.8657001
0.3689011 1.833935
0.4897627 1.277592
0.331193 1.018338
0.4909639 0.810781
0.237839 0.6576311
0.4628777 0.4087172
0.2048046 0.8797225
0.4607518 0.962792
0.2881774 0.2534512
0.45215 0.7387016
0.5589165 0.7077836
0.3807009 0.9587106
0.6277346 0.6963095
0.3400853 0.7389786
0.4184531 0.4347339
0.249422 0.2941136
0.3275935 0.7321463
0.2979884 0.437559
0.1868494 0.3058062
0.3890034 0.8568195
0.2055375 0.9056926
0.4161035 0.6087425
0.3987801 0.5135451
0.3248971 0.7032899
0.464531 0.9214301
0.2071272 1.24145
0.3884742 1.083327
0.3968232 0.5045196
0.4803319 0.2898434
0.3912726 0.2953949
0.4394705 0.3244025
0.3664515 0.4951226
0.521419 0.7759135
0.6496722 0.3202349
0.5763662 0.5176111
0.4144425 0.5307117
0.4103327 0.3482927
0.5005482 0.3826549
0.4454844 0.2900765
0.4276433 0.4117371
0.2211001 0.756699
0.4101575 0.5980854
0.404125 0.4806471
0.4948919 0.2156701
0.4907427 0.4140858
0.3648483 0.3983373
0.4088439 0.3649583
0.4815337 0.5755332
0.608016 0.4962692
0.5500676 0.5189332
0.4049142 0.771364
0.3521057 0.7913928
0.3529667 0.6062534
0.3035805 1.460289
0.2936293 2.199631
0.2783624 1.746936
0.3456923 0.4345441
0.4218111 0.3810173
0.2421918 0.5442307
0.3166118 0.7583322
0.2935696 0.7715781
0.405275 1.793508
0.4785829 3.612295
0.2405733 1.516886
0.3199071 1.198871
0.4250691 2.356892
0.5423139 0.8409752
0.5074024 1.142651
0.2021293 0.6936195
0.4576303 0.7479076
0.5036339 0.6246223
0.6455742 0.5885749
0.3540094 0.7899798
0.3127991 2.054848
0.3786877 2.216641
0.2953464 1.093075
0.397771 0.5158006
0.4136059 0.754001
0.2202116 0.6328898
0.3028061 0.7103283
0.4903456 2.933042
0.6569688 1.163756
0.4985742 0.9008815
0.193409 1.171009
0.2455076 0.8750647
0.345996 0.4496912
0.3331629 0.4927633
0.2805536 1.000242
0.3844035 1.109545
0.2510942 0.9444857
0.275312 0.6992009
0.3215295 0.6674813
0.4019494 0.6751199
0.4625349 0.8667563
0.3643596 0.9406652
0.4253319 1.188634
0.4573903 0.8414688
0.4107093 0.4519211
0.4883718 0.5456637
0.2833073 0.5182383
0.3055908 0.6590057
0.5593487 0.9691638
0.3506984 0.4491934
0.4686153 0.8732951
0.5540191 0.6489385
0.5049081 1.118835
0.4669597 1.812179
0.4447802 0.7701473
0.5884639 0.5126584
0.4609856 0.4852492
0.4538612 0.3833545
0.5165905 0.7379765
0.5293886 1.661915
0.4877781 0.6875731
0.3838692 1.591843
0.419339 0.3095424
0.5072796 0.3194548
0.499821 0.3656423
0.3108722 0.5048801
0.4265219 0.6643971
0.2882524 0.3411044
0.2109288 0.7056508
0.3264152 0.3418854
0.3855804 0.3008978
0.3624674 0.5993301
0.4729661 0.949562
0.3719788 0.5212195
0.5235274 0.4141006
0.4646326 0.3271364
0.3983349 0.806179
0.3153105 0.613083
0.3269239 0.8890358
0.2266196 0.8852167
0.4251543 0.5077825
0.3214077 0.3461381
0.6661007 0.5523258
0.5494428 0.4115244
0.3762671 0.5951922
0.4733486 0.7800328
0.3196918 0.9113176
0.4636205 1.064019
0.3526574 1.69096
0.420755 0.9323665
0.1565479 0.5799536
0.4563726 1.463767
0.5365077 0.671562
0.4284652 0.3853173
0.4368091 0.4372755
0.4241642 0.7840289
0.4858782 1.088191
0.3247796 0.6616932
0.3411829 1.084371
0.3208631 0.9329709
0.2753501 0.4356362
0.3437921 1.054564
0.5079386 1.134493
0.3061955 0.5257894
0.4399934 0.6459339
0.3220842 0.6352329
0.4788064 0.4351276
0.5801776 0.3788355
0.4770214 0.3806665
0.5527787 0.6630543
0.3666898 0.5490648
0.448758 1.219277
0.2687549 1.346215
0.2797201 0.8099925
0.3120279 0.7699946
0.3706456 1.012829
0.320101 0.9130791
0.2701562 1.02425
0.398192 0.7012538
0.2202053 0.6760683
0.2176258 0.4765373
0.1266706 0.3460354
0.2548623 0.7324688
0.2899105 0.7371101
0.3020927 2.373951
0.3216347 2.043179
0.3310113 0.6050021
0.5394951 0.6347659
0.4522614 0.9253984
0.3973206 1.028747
0.3401136 0.816488
0.2863148 1.027098
0.4874249 0.7124941
0.4285325 0.425034
0.4882031 0.5732695
0.5151965 0.7128724
0.2756796 0.7304629
0.36232 1.105473
0.3683613 0.8937927
0.3247317 0.9836264
0.3995339 1.354332
0.3313052 1.031627
0.2622351 0.7859512
0.4080649 1.736118
0.3953565 2.663652
0.2570531 2.825734
0.35873 1.004608
0.2089776 0.7618201
0.3506504 0.7174019
0.3263822 0.7061646
0.5042962 0.4916048
0.558838 0.393802
0.5420132 2.32116
0.4383868 1.622794
0.4794546 0.6754606
0.4760574 0.369525
0.4691085 0.540937
0.5404163 0.2463236
0.5552417 0.3156559
0.4527988 0.663953
0.5169728 0.6822734
0.4534127 1.072239
0.5875305 1.30874
0.4124573 1.579857
0.4331256 2.103138
0.3730397 0.989765
0.2971594 0.7403847
0.5248315 0.4872313
0.4892925 0.9164785
0.3185824 0.6896677
0.3460957 1.142844
0.473185 0.954666
0.2416759 0.5255502
0.4588803 0.771934
0.3952787 0.4369494
0.3215281 0.3098758
0.3120515 0.4126725
0.3861363 0.6786368
0.3211826 1.13687
0.2772644 0.6539017
0.4311264 0.6508454
0.432962 0.574986
0.459727 1.811615
0.5122223 2.03593
0.6191765 1.54672
0.5117268 0.8160272
0.3054522 0.7953572
0.4888654 0.5724766
0.5000446 0.2747265
0.5202465 0.5479867
0.515225 0.6931038
0.4129104 0.7655987
0.1764773 1.001189
0.3561527 0.672968
0.1240808 0.7667875
0.3721662 0.6236156
0.3795648 0.6540835
0.3582614 0.4722829
0.2452643 0.5478273
0.4613818 0.4922889
0.5575785 0.4858566
0.3396312 0.2291937
0.3608144 0.2967714
0.4842323 0.8996748
0.4977788 1.527507
0.3237856 1.388107
0.3566189 0.5481895
0.343515 0.7485986
0.3008883 0.9352578
0.4768946 1.526288
0.4265158 0.6273372
0.3451895 2.356794
0.4187795 1.161403
0.3058882 1.112284
0.3881332 0.3460799
0.3303677 0.4738606
0.2577901 0.4177709
0.559686 1.005468
0.5088682 0.5597694
0.6238942 0.6380702
0.3612816 0.6576091
0.3972868 0.6534082
0.5889838 0.4441981
0.5108392 0.7507373
0.4744277 0.3306964
0.5877679 0.5127922
0.5660177 1.231114
0.3265014 1.13638
0.5429378 0.388387
0.6800904 0.697466
0.3849147 0.710147
0.41164 0.922115
0.4968308 1.337638
0.3794132 0.8841603
0.5290302 1.832788
0.523042 0.6724039
0.42616 0.4030751
0.5577508 0.3503903
0.5911808 0.3215658
0.4078086 0.9273296
0.546579 0.885519
0.4683129 0.9193647
0.3477958 0.7924045
0.3412985 0.4623844
0.3194017 0.3515832
0.3924678 0.4067824
0.2594616 0.5265628
0.4710342 0.7657667
0.5282434 1.023923
0.5750967 1.390667
0.6415439 2.649027
0.3577556 3.856408
0.5002489 4.648069
0.3062264 1.735785
0.4884784 0.4386982
0.3069751 1.623634
0.3063654 0.7585091
0.4360911 0.49148
0.4006952 1.555006
0.6402054 0.8829152
0.5305937 0.5450206
0.425012 0.5520328
0.422769 0.8247306
0.3667436 1.119229
0.3282503 1.137278
0.5325035 0.7579788
0.3276092 0.6809775
0.2572851 0.5853101
0.521963 1.244456
0.3627678 0.7407323
0.4090069 0.8887918
0.307074 1.055678
0.3508898 1.850733
0.359812 1.188525
0.4182188 1.019213
0.3966278 1.395232
0.300204 2.050181
0.3945694 0.5540069
0.5055357 0.6446902
0.443129 0.9508313
0.71415 0.7980886
0.3741351 0.7927491
0.3675103 0.4982681
0.3749145 0.4206301
0.3962342 0.4758209
0.4478911 0.6672615
0.3613741 0.6486077
0.3065713 0.3025757
0.5864679 0.5567778
0.3334443 0.8827549
0.4843401 0.352618
0.4995555 0.7693519
0.463607 0.9368484
0.4607426 1.085857
0.3637366 0.821223
0.2727734 1.189408
0.2323623 2.036527
0.3196129 0.6439269
0.4237271 0.5636897
0.390901 1.27888
0.523547 0.511035
0.5104537 0.6803939
0.7321734 0.8984994
0.5594908 1.140978
0.3863133 0.5056623
0.2460173 0.2517243
0.4853724 0.4423588
0.5679981 0.9830783
0.242031 0.717647
0.3288027 0.3462042
0.2732967 0.3368741
0.4957883 0.4196603
0.5064492 0.5887594
0.4820055 0.4783585
0.4454164 0.5344792
0.3954364 0.4405606
0.5666508 0.3719059
0.3273403 0.6697602
0.3716359 0.41361
0.336026 0.7223265
0.4006563 0.7439302
0.3336413 0.5082432
0.3872754 0.7534472
0.4349792 0.4699744
0.3004518 0.7201593
0.6147178 0.5209162
0.6098639 0.4220897
0.2631398 0.5060991
0.1698869 0.4810392
0.2190592 0.4920063
0.2245704 0.8003637
0.3342158 0.8949179
0.2153564 0.3306344
0.432735 0.3738223
0.2967174 0.5182598
0.3579421 0.7356243
0.4588045 0.6303161
0.4343101 1.042377
0.5045897 1.4247
0.3866664 1.593458
0.3738287 1.028048
0.257754 0.4634845
0.3895273 0.5629045
0.2755325 0.3132694
0.530802 0.3068384
0.4521942 0.3779817
0.5454351 0.982192
0.6535591 0.6738861
0.4700333 0.5542566
0.4001837 1.15085
0.4259002 1.571854
0.4822114 1.187654
0.6385497 0.6868105
0.466632 0.4040019
0.5187879 0.3395316
0.3877548 0.4435397
0.5422846 0.3929445
0.4762391 0.7215878
0.5127409 0.5582069
0.5898098 0.5645936
0.6681254 0.5177598
0.453913 0.5686288
0.4947027 0.461998
0.4349479 0.6509477
0.5550077 1.035866
0.5607787 0.3729462
0.5191379 0.5742241
0.5004108 0.4969806
0.511386 0.4352579
0.3793455 0.5106075
0.50281 0.8160749
0.5004075 0.7596021
0.3608802 0.723574
0.2413613 0.9983045
0.2440241 0.9002344
0.3800149 0.907528
0.1975649 0.6391613
0.3309686 0.3789046
0.2589094 0.7728509
0.4098892 0.4272442
0.2552683 0.2970112
0.2564666 0.5778154
0.4670816 0.6801889
0.3900988 0.9054171
0.3078077 0.7625244
0.3167727 0.7999738
0.557928 0.775773
0.5100446 0.9364778
0.3833786 0.560218
0.5130777 1.091839
0.3509677 0.4862726
0.421958 0.906465
0.3163115 0.7458235
0.5529905 0.7410173
0.4245873 0.4959252
0.428673 0.3110897
0.5117392 1.065291
0.5529231 0.9981926
0.427387 0.7035895
0.4182907 0.3675874
0.4895101 0.3697019
0.3342782 0.1871009
0.3504625 0.5674791
0.3697995 1.131385
0.4275128 2.011848
0.4228822 0.989996
0.3488738 1.114745
0.4316491 1.038483
0.4637842 1.38417
0.3852017 0.7134266
0.3113939 0.4768774
0.5477629 0.4956241
0.3113097 0.3814593
0.3664439 0.5156113
0.264024 0.6150147
0.3617837 1.006721
0.4728214 0.9288553
0.4684632 0.6534212
0.3521875 0.3845232
0.3157798 0.7748183
0.3434321 0.607478
0.1964081 0.4457809
0.2945081 0.6630612
0.2870562 0.7477331
0.5560229 0.489986
0.4546964 0.8422441
0.2700788 1.254989
0.4029067 0.9813767
0.4073652 0.721022
0.4442797 0.766355
0.364816 0.9026282
0.4339041 0.6926435
0.5300637 0.4550977
0.3773268 1.331673
0.3293879 1.190042
0.4467752 0.4354582
0.4652839 0.6708102
0.4815227 1.156147
0.339604 1.397185
0.3963753 1.102365
0.3847501 0.9206479
0.2964108 2.089984
0.3072822 1.169422
0.240086 0.6411864
0.2792599 0.7047279
0.1984369 1.218753
0.2839375 1.176204
0.2273329 0.5205718
0.3142598 0.3816372
0.2950602 0.5287168
0.3039447 0.302654
0.4398746 0.6451523
0.3119612 0.946064
0.3816931 0.2100795
0.5833893 0.3069599
0.4555406 0.6430556
0.3822377 1.03141
0.6943913 0.5470024
0.5938876 0.8518847
0.5474395 0.7688402
0.4666024 0.3691235
0.4948125 0.5138378
0.3118619 0.701441
0.3118778 0.5872917
0.2793242 0.6491045
0.2810284 0.5120707
0.4467718 0.2684389
0.4831914 0.3345388
0.5356383 0.2985905
0.5673559 0.2516352
0.518206 0.4740857
0.621741 0.3509136
0.6375714 0.7860549
0.5187701 0.8569387
0.4215964 1.508848
0.3280679 1.043026
0.2667164 1.49116
0.2921974 1.54674
0.2441891 0.7674589
0.3765888 0.8626542
0.2781737 0.8703387
0.1788016 0.3622613
0.344623 0.4754048
0.3751643 0.6469788
0.1711148 1.156569
0.4232083 1.006411
0.3663134 0.6960962
0.3297336 1.251036
0.4388472 1.073822
0.6290418 0.646379
0.5124246 0.884298
0.5648495 0.2980958
0.3985076 0.4936506
0.3669252 0.6608226
0.3699152 0.4438703
0.4152181 0.5992084
0.637894 0.2813732
0.5106671 0.3417235
0.3808482 0.7090809
0.4465312 0.4280809
0.4479013 0.2798428
0.2736404 0.5107571
0.6155766 0.3907118
0.5438031 0.4347424
0.4935186 0.3522496
0.4683379 0.491798
0.4663113 0.5120039
0.3682921 0.549698
0.5798249 0.713407
0.5663037 0.9396493
0.4756201 0.5353918
0.4845991 0.523532
0.2497575 0.5427247
0.3939533 0.4715918
0.4890105 0.4816696
0.387173 0.2692068
0.4726701 0.8089647
0.4126009 0.8665702
0.403784 0.6101601
0.5558131 0.5170395
0.5390161 0.6438365
0.4470782 0.4778759
0.4915781 0.3902257
0.4035053 0.3894298
0.28115 0.7358156
0.2598142 0.7853657
0.5177887 0.851612
0.5577112 0.6696794
0.5465432 1.080165
0.5259727 0.6605763
0.3720618 1.12958
0.5532807 1.391491
0.4450539 2.052498
0.5421801 1.67554
0.5295701 1.716334
0.5395524 1.829843
0.3064503 1.302201
0.538534 0.5964856
0.4941911 0.3391123
0.4727748 0.3938672
0.4942908 0.4887971
0.3363218 2.087936
0.3617007 0.8781124
0.2988323 0.395666
0.2719723 0.4005192
0.307921 0.5951722
0.4898025 0.5264326
0.3597361 0.4367973
0.4792847 0.6212304
0.4751502 0.5547358
0.5940337 0.5903544
0.6085179 0.7296559
0.4227202 0.3061563
0.4349367 0.3167657
0.2670499 0.3766607
0.4933425 0.4162223
0.3807706 0.5751952
0.4134405 0.399173
0.398101 0.3001674
0.2475766 0.9655147
0.3309202 0.9062351
0.2944051 0.4710415
0.2167132 0.9201914
0.4400557 0.5759887
0.3024985 0.5495404
0.5028566 0.5199382
0.4631193 0.3104727
0.2783948 0.4475022
0.3477537 0.5513211
0.4259061 0.5844336
0.4712593 0.4011351
0.5397866 0.2944216
0.4706725 0.2752857
0.4202897 0.5598638
0.2374132 0.3658394
0.456573 0.6441128
0.3469092 1.056542
0.4688184 1.120145
0.2628297 0.4784881
0.2114201 0.442362
0.2613696 0.6458945
0.4485327 0.632027
0.4664537 0.5261886
0.3428723 0.6273013
0.4299331 0.3518289
0.320303 0.356269
0.3521086 0.5208706
0.5758361 0.5267735
0.6549384 0.4931055
0.5212183 0.6560039
0.5008688 0.5386231
0.4804929 0.3900021
0.6536073 0.3812804
0.4147386 0.3293077
0.5946315 0.3555889
0.4545076 0.4006093
0.4027643 1.092308
0.4963503 0.8478171
0.4066072 0.942025
0.4281773 1.718753
0.3495579 0.5663897
0.173675 0.6767705
0.2526455 0.6380326
0.4130061 0.4113521
0.3050523 0.38542
0.4197702 0.5140379
0.3931163 0.9604646
0.4451877 0.8693118
0.2193942 0.7012111
0.5635828 1.588787
0.4546465 0.4694884
0.3911866 0.6408328
0.4922104 0.6051663
0.4107036 0.3485524
0.3802447 0.4356787
0.2786811 0.4398804
0.2563973 0.4621045
0.6528701 0.3613401
0.5838923 0.3198859
0.4143065 0.5216702
0.4943477 0.5001098
0.4803578 0.4283803
0.5313933 0.7028616
0.5784961 0.4792536
0.3116517 0.7453174
0.4785495 0.6202335
0.3214451 0.9099695
0.2552736 1.457481
0.3367759 0.7412976
0.6687326 0.5426561
0.553335 0.4412688
0.337543 0.4907148
0.3033592 1.035114
0.3244121 0.5248739
0.352024 0.7984118
0.54735 0.2856182
0.2740927 0.4781863
0.2569636 0.5224516
0.4116734 0.7467183
0.3651715 0.5413746
0.5691951 0.3400379
0.7121334 0.3374011
0.4144065 0.5959402
0.3618654 0.4609453
0.7182196 0.4338924
0.5298624 0.8334956
0.5725099 0.2482567
0.6184498 0.464746
0.5655787 0.7374022
0.2961724 0.8636876
0.4455879 0.4695652
0.2630181 0.471195
0.3950323 0.2241372
0.3080392 0.4531554
0.5205781 0.7220446
0.6631657 0.2778361
0.49799 0.5913538
0.3736376 0.2836021
0.3781321 0.3114776
0.3580778 0.2832297
0.3228579 0.7626536
0.4516072 1.046401
0.6196889 0.9275896
0.4821681 1.604553
0.422091 0.8065024
0.3707917 0.6528428
0.5510214 0.4231339
0.4933082 0.2590523
0.5894557 0.6170789
0.2083824 0.6075653
0.3561635 0.5539537
0.5031826 0.5361784
0.2527394 0.8146819
0.5648819 0.3792082
0.7037192 0.742945
0.5589016 0.7639272
0.3304994 1.013016
0.4999918 0.4957184
0.4084112 1.026676
0.3443115 0.8446394
0.4723873 1.227552
0.5614888 4.38314
0.3322641 3.151482
0.3492953 1.815624
0.3145062 1.978755
0.3062952 1.739792
0.4689205 1.55945
0.3623115 1.47082
0.2793481 1.414294
0.2390641 1.611559
0.1855305 1.759771
0.1394721 1.450437
0.3803928 1.547933
0.1921554 1.434667
0.2034774 1.079141
0.1784355 1.508091
0.2331632 0.6589216
0.3464556 1.072561
0.1929019 0.9976171
0.2397648 0.8467782
0.3585455 0.8990643
0.2392401 2.082731
0.4170167 0.7921224
0.5659063 0.6003027
0.4218237 0.263518
0.3931237 0.2482987
0.3665677 0.2995668
0.3595665 0.592622
0.4143967 1.216158
0.5429568 2.01233
0.563858 1.530202
0.4337805 0.7760472
0.3266383 0.7548003
0.3987743 0.7058322
0.4957046 0.3878678
0.2712255 0.4688869
0.5776788 0.3352174
0.4620118 0.2856562
0.4144445 0.6643823
0.3989977 0.3074083
0.4109193 0.3153742
0.5406951 0.6173304
0.4893685 0.3266111
0.6716606 0.3911813
0.2502822 0.5454237
0.2869006 0.4720937
0.3457806 0.6155326
0.4209747 0.6810552
0.2764576 0.8652271
0.4481553 0.4803433
0.4056251 0.7648196
0.3685497 0.4467869
0.3780917 0.5101143
0.2947815 0.7728642
0.3793733 1.239453
0.5859348 1.1069
0.3586962 0.6943913
0.3984185 0.5266624
0.4588363 1.263033
0.3215035 0.6794173
0.2939387 0.4517501
0.2244762 0.355768
0.2922043 0.9839541
0.2361213 0.8999283
0.2491947 0.4032595
0.309619 0.1312465
0.3912375 0.2938669
0.4555727 0.4756015
0.5364407 0.4841857
0.5149663 0.5383903
0.4984618 1.293781
0.5277958 0.5740209
0.2933267 0.5768583
0.3846532 0.8782558
0.3472409 0.5719114
0.2812272 0.4580034
0.2808582 0.8268846
0.3806957 0.9134375
0.3141479 1.185758
0.4097271 0.4888459
0.3246379 0.5151306
0.5609188 0.6810322
0.3684292 0.8275333
0.4331208 1.053369
0.2317102 0.4444893
0.2503628 0.3920769
0.5510594 0.3742275
0.5085291 0.5634974
0.2733638 0.4365008
0.3917199 0.4100759
0.426228 1.107372
0.4683899 1.365971
0.4261076 0.6559391
0.4656246 0.5811576
0.5510269 1.019907
0.3682327 0.751823
0.5716523 0.6920568
0.426971 0.5837074
0.5847194 0.3101889
0.2183294 0.4428285
0.6021429 0.6673854
0.3778466 0.5123039
0.425035 0.436393
0.4939926 0.2795068
0.4301585 0.8254482
0.611085 0.4814255
0.5243437 0.4355898
0.6038418 0.3686219
0.2079987 0.5238142
0.5318708 0.7477647
0.4154016 0.6518718
0.3942355 1.14524
0.423368 0.9388255
0.3169433 0.7862088
0.4999072 0.3499932
0.5730896 1.333822
0.5479277 0.7037523
0.2773309 0.9690375
0.405918 0.9822874
0.5768582 0.9141837
0.3496304 0.6928318
0.5568203 1.407462
0.4269486 1.847815
0.4164272 0.6273562
0.5152165 0.9426961
0.5276556 1.104609
0.2529103 1.145339
0.2625028 1.08639
0.3116169 1.015977
0.2173437 1.078149
0.3790417 0.7915341
0.5712385 0.4585112
0.4337021 0.7406942
0.5132113 0.3284044
0.4780507 0.6039018
0.4253034 0.6833501
0.2611367 0.5480302
0.3441445 1.010996
0.3047695 1.3463
0.460128 1.233224
0.4817771 1.329328
0.3322005 1.379202
0.3853281 0.8931701
0.3374611 1.193922
0.4035239 1.017743
0.2663081 0.4490875
0.5086142 0.3179561
0.3486236 0.4906505
0.3886508 0.5576308
0.4854514 0.5680575
0.3211435 0.9826835
0.3500066 0.5729501
0.4329136 0.5241678
0.497409 0.4125251
0.4012371 0.8995682
0.669371 1.341821
0.6218871 0.5828585
0.5818574 0.4334865
0.4206649 0.2978506
0.3963395 0.4407966
0.4623267 0.6021647
0.4552354 0.4489477
0.5154145 0.3080012
0.6245427 0.64691
0.5246568 0.5267857
0.4782204 0.4750644
0.4709831 0.6804405
0.4485789 0.9274726
0.460575 0.6962412
0.182843 0.4541183
0.4366507 0.5810946
0.6791369 0.95897
0.4814629 1.399384
0.3550947 1.195702
0.5073106 1.322298
0.3055731 1.00192
0.472618 1.091569
0.6430533 0.948616
0.4290936 1.764646
0.3410038 0.9777311
0.4828685 1.00566
0.3204941 1.018594
0.2797151 1.525304
0.4006496 1.835812
0.5060665 0.9711195
0.2329324 0.9692535
0.3620067 0.2929029
0.4440051 0.3410665
0.6268147 0.2826204
0.2716615 0.4600287
0.6330562 0.2894892
0.7067184 0.7450417
0.6889645 0.6214411
0.6610628 0.7474759
0.4222533 0.7829429
0.2672244 1.136981
0.3310784 0.6145785
0.2704261 0.4363652
0.3619005 0.535243
0.295533 0.7967875
0.2988929 1.600745
0.2680685 1.744009
0.1640865 2.019412
0.3433657 1.093968
0.273519 1.179278
0.3788693 0.6652963
0.2872205 0.5448792
0.308617 0.3899227
0.379913 0.4368703
0.3839362 0.6736495
0.3442494 0.6670384
0.3360925 1.132151
0.1881868 1.655964
0.376179 2.694887
0.4998247 5.590901
0.4219005 4.013468
0.4164685 4.24008
0.2525414 4.441662
0.1749503 1.403887
0.3884111 1.674121
0.4129418 3.075255
0.1812539 3.338328
0.4985241 2.286988
0.1940239 0.8869314
0.3635976 0.6131448
0.350196 0.2478069
0.2458871 0.4926216
0.4147015 0.4706212
0.3553439 0.4231798
0.4133927 0.8515544
0.3489506 0.4155965
0.3786244 0.576753
0.2852138 0.5382055
0.2127236 0.5906823
0.3098881 0.7526481
0.3067056 0.2518373
0.62037 0.3718272
0.4394291 0.4093594
0.4764737 0.2841356
0.4155734 0.2753858
0.5269196 0.3429924
0.4082598 0.3832597
0.2739265 0.4834602
0.4677529 0.659896
0.6362868 0.7402832
0.3815633 0.7344474
0.4784413 0.4645978
0.3442116 1.95171
0.4195823 1.516321
0.4540194 0.5166181
0.5274747 0.6733813
0.4214642 0.5604227
0.3242115 0.724642
0.5480117 0.80123
0.7757906 0.8441551
0.4700264 0.903696
0.416022 0.8851948
0.5228621 1.498621
0.3586623 1.272073
0.4311813 0.9789545
0.342277 0.5187337
0.4663161 1.350904
0.3380591 0.9426264
0.4005496 0.7710734
0.275068 0.4799579
0.629836 0.3464468
0.5435866 0.3618344
0.5268279 0.3721564
0.5569806 0.3238329
0.2507989 0.3506355
0.5321969 0.7139725
0.4887407 0.6460681
0.3322074 0.7633353
0.3422892 1.076758
0.2560911 1.081314
0.3809462 1.456058
0.4046133 1.801884
0.640016 0.5910106
0.638579 0.7486728
0.4370324 0.677932
0.521291 0.5626436
0.3973565 0.5555656
0.2678226 0.5202532
0.4597098 0.5971667
0.2906593 0.757636
0.39519 0.7046788
0.4213792 0.7475791
0.3647776 1.565747
0.5642763 1.024651
0.404998 0.7074425
0.367082 0.7100881
0.3152217 0.7068046
0.5127608 0.8161915
0.357375 0.7360976
0.5109964 0.8918771
0.1790063 0.8482613
0.2493129 0.5579329
0.5684112 1.987924
0.3516915 1.002541
0.3637227 1.103209
0.2460064 1.775464
0.3306966 1.111295
0.3218467 0.8362861
0.4591644 1.572644
0.4938646 0.5733571
0.4635236 0.5246164
0.5808779 0.5655574
0.3369644 1.144292
0.362003 1.039816
0.4065828 1.000257
0.4400189 1.124065
0.3176331 1.731661
0.3443485 2.685166
0.2462673 2.254111
0.3825331 2.176004
0.4912232 1.739658
0.4583965 2.242352
0.3616715 1.072914
0.2846996 1.59764
0.2909418 4.482837
0.2737957 1.978936
0.5150887 2.204564
0.3586915 2.09463
0.1663284 0.6469836
0.4072474 1.517912
0.392522 1.234505
0.3873426 0.7730177
0.3833524 0.5529379
0.4696099 1.035396
0.5081564 0.4622723
0.5418997 0.4289279
0.37997 0.4468109
0.4394356 0.9892244
0.5866261 0.6852846
0.4391283 0.7269681
0.6390503 0.710572
0.5662728 0.3548292
0.5573032 0.5706248
0.7133039 0.2828377
