0.39068 3.089843
0.4625964 2.086939
0.3911482 1.894553
0.7319058 0.835764
0.5294202 1.670547
0.5774839 2.281545
0.8144273 1.337742
0.6748101 1.667742
0.7937359 2.872532
0.6258614 1.019256
0.6015082 0.9577443
0.6846457 1.502856
0.5497085 0.5614098
0.7886657 0.5815488
0.8546991 1.367151
0.6892211 1.401353
0.6564493 1.239907
0.7990982 1.48175
0.5266722 1.168408
0.5753662 1.41349
0.6187038 0.8183472
0.7651269 0.6197326
0.781152 0.5825985
0.8454002 0.7673326
0.7298082 0.8738088
0.5869581 0.9789557
0.7576166 1.641006
0.663069 0.6400511
0.724029 0.8331553
0.6729087 0.61694
0.7813623 0.9690824
0.718278 1.22943
0.8091629 0.7983067
0.7958375 0.6273584
0.744842 1.172098
0.8199786 0.613673
0.8191024 1.114381
0.827006 1.16306
0.7246122 0.7417201
0.8250556 2.025713
0.7908405 1.803939
0.6410721 0.6865909
0.5664387 1.165877
0.7147517 0.7721041
0.6728834 1.132644
0.7635016 0.8793447
0.7957261 1.381963
0.7395729 0.6168232
0.5946876 1.341541
0.6172638 1.178631
0.7151401 0.9296285
0.7672637 1.472305
0.8051793 1.189036
0.616465 0.8325102
0.67112 0.9265713
0.8400482 0.659957
0.7085229 0.7298339
0.6682183 0.8802537
0.5701568 1.61864
0.6186062 1.204751
0.4551728 0.8955655
0.6269808 0.9482986
0.6507196 1.401039
0.7344488 0.7878339
0.5975331 0.6496454
0.5940673 0.7588951
0.7603088 0.9397438
0.6542292 0.7781444
0.7155965 1.628487
0.8178266 0.7421821
0.8059436 1.549164
0.8114205 1.626682
0.8022072 1.226518
0.7738152 1.02063
0.6662038 0.9798567
0.8025057 1.4499
0.7838472 1.021129
0.7638514 0.8605286
0.8161465 0.9614825
0.7031702 1.413555
0.6395345 1.116693
0.737203 1.053567
0.7861048 0.9891702
0.8013336 0.5723276
0.8603945 1.380032
0.7946639 0.7860172
0.7504092 0.6396595
0.860061 1.261147
0.7494736 1.048561
0.7349801 1.318953
0.7875748 1.398871
0.8435677 0.9454974
0.8316607 0.8729362
0.6880953 1.49496
0.7971254 0.647846
0.7463407 1.129169
0.7253768 0.8085317
0.8029948 0.6196887
0.7430793 0.8957013
0.7604158 1.270309
0.8356798 0.9056501
0.6753538 0.9037985
0.7876683 1.944651
0.6285853 1.134035
0.5754444 1.106524
0.5259492 1.919986
0.5527014 1.632452
0.7216623 0.8096973
0.6282133 1.566209
0.6468474 2.805521
0.6088586 1.562954
0.7101312 1.337045
0.4738843 2.339116
0.6258382 1.387011
0.8061451 2.688073
0.8122561 2.22197
0.6588737 1.446814
0.682138 0.8566467
0.9249366 1.138898
0.6645888 1.851403
0.5604786 1.103898
0.5429175 0.8634311
0.6368968 0.9012829
0.6637181 0.7402201
0.6926 0.8689558
0.7014436 2.099874
0.6863219 1.192663
0.803219 1.004806
0.6008932 0.9946602
0.7137838 2.185714
0.6885869 0.9263944
0.8371918 1.972147
0.8770033 1.00131
0.6184811 0.7590253
0.8643912 1.275639
0.8310638 0.414831
0.5984949 1.005761
0.8870125 1.097201
0.684926 0.717558
0.7541992 1.055626
0.5380606 1.136868
0.7686041 1.041703
0.6768498 1.237943
0.8382805 1.216339
0.7357644 0.5277557
0.6776795 0.8084873
0.7159829 1.484265
0.6350295 1.225731
0.8439865 1.900482
0.7698996 0.7402689
0.7595733 1.82707
0.5514147 1.147161
0.4312795 2.292722
0.6394978 0.8087528
0.7412833 0.8731002
0.5258903 0.7719957
0.849924 0.7988961
0.6652157 1.229188
0.5643532 0.9953104
0.7685633 1.184653
0.8868454 0.4475952
0.8288642 0.9753288
0.4988948 1.323111
0.7761709 2.006833
0.7832345 0.9909908
0.5187895 1.06998
0.5273383 1.143878
0.675139 2.606739
0.6250011 0.87103
0.784559 0.6388799
0.592834 0.8131105
0.6257652 0.7933723
0.6773401 0.994593
0.5566782 0.8609314
0.4999348 0.8932651
0.8505231 2.463605
0.6467374 1.003781
0.7483234 1.398442
0.8227156 0.9400635
0.6885963 0.9460769
0.7910354 1.090051
0.7708755 0.6132123
0.609299 0.4885987
0.7275564 1.163423
0.6107917 0.6976667
0.8071648 1.173763
0.4772549 1.857892
0.5879362 0.7488247
0.6632566 1.375873
0.7956503 1.636195
0.7466519 0.868847
0.6449412 1.153136
0.6309056 2.729044
0.8235029 1.946935
0.8928955 1.510811
0.7566988 1.643567
0.8034513 1.023376
0.823055 1.261836
0.7232478 1.331924
0.6196147 2.610833
0.8126267 0.8044872
0.826526 1.478518
0.7634075 1.136728
0.7670032 1.149486
0.7062683 1.355071
0.6940585 1.644368
0.8375914 2.745753
0.766922 1.56969
0.7728702 1.072507
0.5267575 0.5045346
0.7970734 1.061349
0.5403823 0.7080033
0.6437737 1.647164
0.6862969 0.9704674
0.6380613 1.118801
0.7254849 0.8052882
0.8099583 0.9352983
0.7034498 0.8703135
0.7557859 1.650537
0.6147105 0.9095601
0.6241635 0.9113863
0.7805633 0.8648802
0.7388582 0.505953
0.8225158 1.535185
0.680634 1.23907
0.5847126 0.5907473
0.7739801 0.726949
0.7127969 1.578186
0.640724 0.7343077
0.6560913 0.8451521
0.6774712 0.6916397
0.8845201 3.623771
0.7857699 1.120465
0.6969536 0.6327507
0.4689519 2.440728
0.6416928 1.088145
0.6490219 0.7678712
0.6898033 1.117744
0.7473157 0.5681764
0.673746 0.6263531
0.818233 0.5565062
0.4759914 1.029394
0.5975683 1.820335
0.7792182 0.9201158
0.8043567 0.7653959
0.7697374 1.004185
0.7294709 1.678389
0.5760511 0.9363612
0.3957105 0.6817165
0.8526043 0.6442823
0.6730581 1.353585
0.5130515 1.379554
0.747855 1.584123
0.7639061 1.129344
0.7200285 0.7848148
0.7151723 1.195878
0.7144091 0.8470748
0.7571797 1.63402
0.5980005 1.222784
0.820363 0.8105911
0.7235494 1.539788
0.6507141 0.8342368
0.6973379 2.093559
0.8016577 1.035457
0.7308316 0.6981988
0.8008669 0.6372198
0.7043659 0.9743652
0.8026506 0.716996
0.831277 0.8859671
0.8688133 1.185664
0.6579382 1.182584
0.8135347 0.7840473
0.6104342 0.9353256
0.8112614 1.065309
0.7386979 1.267311
0.6907617 0.5646117
0.6532187 0.8849295
0.5214273 1.648834
0.7349085 1.199121
0.6900025 0.5381726
0.7099231 1.043106
0.7092322 1.003402
0.8408477 1.318963
0.8515346 1.418689
0.695522 0.9789488
0.8480173 1.825523
0.876678 0.8466988
0.8391711 0.6327762
0.6229326 0.6552187
0.5973143 1.163525
0.6646493 1.187932
0.7680437 1.111174
0.6635327 0.9777855
0.7383172 0.9766011
0.6937954 1.274878
0.5665469 1.705068
0.6247211 0.6421215
0.633938 1.273566
0.7668021 0.6870703
0.6856153 1.754856
0.6986462 4.696905
0.8390947 0.9059218
0.8430579 0.8532455
0.4776897 0.6772052
0.8100329 1.161864
0.605718 0.8912366
0.6329345 1.474117
0.7090539 1.957432
0.478206 2.314931
0.6972492 2.244488
0.7329911 0.787966
0.8726585 0.9927491
0.6518919 1.646886
0.8140516 0.695203
0.6551131 0.6689485
0.6432414 0.7406957
0.7810822 1.2336
0.856977 0.9406402
0.7434652 0.8630788
0.7036512 1.515951
0.74126 1.314927
0.6772294 1.398287
0.7702053 1.058323
0.6879644 1.007728
0.7904511 0.9526309
0.6914946 0.6592749
0.6518145 1.023769
0.7574575 0.8998621
0.8527624 1.642964
0.8571456 0.7307239
0.7148921 0.804134
0.7002273 0.6657027
0.5155124 1.328747
0.6341586 1.250105
0.5341055 0.8299306
0.7427801 1.353294
0.6559326 1.323661
0.7600639 0.9704267
0.769279 1.367477
0.8375622 1.32305
0.6497851 0.574573
0.8133722 0.968765
0.7046493 0.6360597
0.6752841 0.5513404
0.7669278 1.772545
0.8039909 0.8125181
0.5989001 1.122181
0.6777136 2.293594
0.6721193 1.109166
0.8066104 1.527019
0.7789212 1.086209
0.7282555 0.7797898
0.713222 0.7698487
0.7146223 1.022277
0.7200028 1.668679
0.8020202 1.009761
0.6425205 1.650362
0.7292551 2.057718
0.8596907 0.77453
0.4543588 1.143263
0.8521739 0.8395073
0.7543226 1.532096
0.8371921 1.022332
0.6168698 1.201674
0.6050614 1.076101
0.787 1.147619
0.7498931 1.098755
0.7704876 1.163277
0.736513 0.7906986
0.8285538 1.110153
0.6941059 0.8355411
0.6981045 1.035613
0.7287661 1.763681
0.8711943 1.603563
0.8222298 2.569984
0.6920608 2.292118
0.8278423 1.502825
0.7048917 1.256943
0.8170733 1.201824
0.6387641 1.249262
0.6124595 1.58692
0.7089844 1.109396
0.6034045 1.085196
0.4756152 1.302978
0.8713797 0.9541756
0.6632778 1.275273
0.6507401 0.8578188
0.5871167 1.357958
0.5908709 1.192135
0.7417415 1.5204
0.7035091 1.125078
0.7285922 1.191746
0.7470923 1.136921
0.8099483 0.9204664
0.8505671 2.072412
0.8184577 0.9723431
0.7147289 1.398862
0.8094856 1.241838
0.6737638 0.8435091
0.8260922 1.003901
0.7073636 1.751532
0.8698835 1.607963
0.6590984 0.8492149
0.8224772 2.273813
0.5898529 1.10472
0.6971836 2.268952
0.6660852 1.164806
0.6879625 1.05902
0.7412778 2.011382
0.6829818 1.110873
0.8387054 1.076835
0.7204268 1.686027
0.7208794 1.05274
0.8335369 1.209829
0.8463088 0.9833295
0.8847214 0.8726071
0.7553063 0.7808671
0.7010485 1.00682
0.660437 2.058996
0.6766281 1.201335
0.7506559 1.114185
0.6722151 1.227559
0.7494426 1.029658
0.6703123 0.9248153
0.6379114 0.5447914
0.6101708 1.315627
0.8248443 0.9868181
0.5984757 0.7707251
0.6663798 1.095987
0.7690992 0.6202823
0.863075 0.5623552
0.6202372 1.206505
0.7636443 1.055067
0.7816489 1.177457
0.5632698 0.9517621
0.8065594 1.283013
0.6133063 2.261507
0.3692579 1.576108
0.6426128 1.217516
0.6034763 2.5028
0.7497271 1.993722
0.5437434 1.108505
0.5765381 1.022835
0.632878 0.8361663
0.5397267 0.9730425
0.791612 0.6305143
0.7274823 0.7373362
0.7792482 0.8897375
0.6882249 1.191547
0.5166723 0.8720562
0.8112934 0.7886186
0.7759422 0.9888673
0.6922784 1.093108
0.8347009 0.8033156
0.8170177 1.975323
0.6900286 1.192359
0.6520222 0.9438527
0.7214721 0.7030022
0.7178342 1.10922
0.7727446 1.064656
0.8241527 0.878879
0.8436116 1.314519
0.7928933 0.8867534
0.7964899 0.8350811
0.7492647 1.526801
0.5850914 0.72384
0.7388556 1.931208
0.8160445 1.547251
0.638846 1.258216
0.4896307 0.7457802
0.6998073 1.769658
0.760993 1.118852
0.7790642 0.8227248
0.8359328 1.06791
0.8165876 2.188534
0.6912192 1.117868
0.751625 2.159512
0.7888275 2.876655
0.7688886 1.220396
0.6750532 0.7823143
0.6691257 2.228667
0.5480331 0.8859454
0.7720907 1.436531
0.6343547 1.093118
0.8113108 1.100189
0.6899379 0.8841783
0.6356503 1.869367
0.5012603 1.268753
0.7563017 1.331109
0.72182 1.10942
0.7871531 0.6984411
0.6714186 1.02077
0.5520151 0.5339996
0.7323281 0.7823469
0.7053454 0.6191006
0.771083 1.059742
0.6793257 0.6311706
0.6967387 1.146901
0.8234799 1.40541
0.6168841 1.466926
0.7205872 3.40389
0.5503386 1.463343
0.7097007 0.9875051
0.6804538 0.9925741
0.6704668 0.7818555
0.7438543 0.9952865
0.8413406 1.738611
0.8563752 0.9566774
0.6144259 1.083293
0.3592932 1.041365
0.7421157 1.700385
0.6498829 0.8309591
0.6628448 0.9341126
0.848728 0.7709892
0.8374661 0.7760393
0.8136487 0.7657202
0.6033262 1.32964
0.6589926 0.6566611
0.56317 0.6939674
0.6374666 2.079937
0.655048 0.9196239
0.6898575 2.541581
0.7327908 2.149456
0.6915125 1.094972
0.7426091 1.375393
0.63348 1.097816
0.8000696 0.744254
0.845324 0.7991021
0.8551526 0.9396645
0.7928917 0.6399958
0.5517532 0.9688475
0.7788651 1.490165
0.7283086 0.7739937
0.7812475 0.7363261
0.6777612 1.098
0.6460124 1.656433
0.814232 0.8580677
0.8478787 1.355837
0.8105365 0.6815566
0.7499113 0.8569264
0.6596199 1.376208
0.5834096 0.9752059
0.7017059 0.8203928
0.7400405 0.5280824
0.7418432 1.922377
0.8416496 0.8074288
0.6733691 0.8285904
0.7886657 0.5963194
0.8011686 0.7161637
0.7540043 0.6916967
0.7443687 0.7540356
0.6697298 0.7352334
0.7388389 0.5774721
0.7795628 0.8196704
0.6974205 1.129084
0.7843069 0.710266
0.8960526 1.364434
0.8154944 1.161613
0.5966805 1.037538
0.7170885 1.495216
0.8270427 0.9458516
0.6124956 1.135469
0.5857275 1.462037
0.8312405 0.6646469
0.5707188 1.676116
0.7611044 0.7537237
0.7382711 0.5336386
0.6672996 0.7358259
0.8111684 1.126749
0.7491411 1.056369
0.6989592 0.8884815
0.8034872 0.5975111
0.7474865 0.8515153
0.5362238 0.9311384
0.6338518 1.333922
0.6974756 2.055909
0.6480859 1.12111
0.7404854 0.5799175
0.6021895 0.6421773
0.7117317 1.42102
0.8526657 1.107351
0.5827919 0.8422476
0.519937 1.664329
0.8200457 1.423028
0.7977488 3.142359
0.625636 1.47851
0.6679216 0.7861886
0.6415282 1.188276
0.7349068 0.7158284
0.8092991 0.6903268
0.6817318 0.5557417
0.6397809 1.054967
0.6815716 0.6548297
0.5961329 0.8560645
0.7938898 1.289204
0.8891814 0.8432825
0.6410494 1.209094
0.7139711 1.208026
0.7358574 0.9477216
0.6246126 1.71345
0.7334556 0.7878717
0.8258519 1.264954
0.7374223 1.20753
0.8011373 0.878455
0.7671426 1.008137
0.8022834 1.293928
0.6956294 1.313716
0.7939144 1.573577
0.8216823 0.9920892
0.7612314 1.684566
0.8451589 1.070187
0.8065218 1.17019
0.5998166 1.098094
0.7290234 0.7112715
0.6435504 1.759168
0.6425547 0.8870324
0.5179228 2.649084
0.4978292 2.670654
0.7241831 1.627308
0.6971733 1.557988
0.8064942 0.8826329
0.5881662 1.333888
0.6359356 1.890295
0.6768923 2.125836
0.8017873 0.8837085
0.6285093 0.8609837
0.7261311 1.421281
0.8279725 0.8382528
0.662419 0.9853597
0.6404538 1.015357
0.6481228 1.365869
0.7695713 1.168017
0.8242361 1.846184
0.7919551 1.270195
0.7463401 1.094669
0.6641404 1.579407
0.4962309 1.023402
0.5822665 1.317327
0.6401461 0.9039107
0.6707707 0.7844335
0.7294917 1.240806
0.5132043 0.7937838
0.7578969 1.193783
0.811923 0.8642959
0.6905924 0.7679159
0.7968594 3.207086
0.6476513 0.5127752
0.7483059 1.430883
0.756382 1.123969
0.7118525 0.6192091
0.6600328 0.6062377
0.8278922 1.49659
0.6460008 0.8608862
0.8607835 1.305944
0.7476333 1.105177
0.905196 1.243152
0.7951892 2.619443
0.6630321 1.69273
0.6495131 0.9280476
0.722692 0.8218779
0.9075055 0.9191776
0.7937725 1.253509
0.6323869 0.8569073
0.658942 0.8398668
0.6729884 1.041856
0.6090209 1.6335
0.5255414 0.8268724
0.6262978 1.302921
0.8643439 0.6445643
0.79195 1.016327
0.7507702 0.8018359
0.6706359 1.659284
0.4017691 1.173458
0.7982259 1.776369
0.6610488 1.272027
0.8227254 0.8822455
0.7951987 1.018999
0.892854 0.9992483
0.7448856 0.746688
0.7940409 1.607182
0.8073062 0.9717145
0.8215832 1.060841
0.8915172 1.010905
0.8948546 0.8132621
0.812695 1.088541
0.7555951 0.7872442
0.8055947 1.00218
0.7311677 1.453364
0.7008714 2.015507
0.8264773 1.007434
0.6250316 1.893126
0.7754364 1.732686
0.7259743 0.8892356
0.5744514 0.6750722
0.8057233 0.5072966
0.6925149 0.6607184
0.7663334 0.4493323
0.7620076 1.163371
0.9058013 0.8120399
0.6770469 0.8993978
0.8011899 1.186334
0.4727393 1.159551
0.7764412 2.321471
0.7894158 0.7974014
0.8392822 1.609654
0.7263964 1.297846
0.7600001 1.194089
0.5078704 0.5428582
0.7452746 1.199209
0.7796974 0.6830695
0.8254097 0.6668916
0.7312898 0.8316562
0.6930211 0.5666996
0.6533548 0.6762377
0.7281015 0.9347524
0.7044402 1.332671
0.7769949 1.407204
0.5855721 0.7058318
0.6594841 0.9683543
0.8203927 0.7450969
0.7540722 0.6949795
0.7602142 0.4882115
0.820213 1.034592
0.6820307 0.6457529
0.8803859 0.3975424
0.7723837 0.9209737
0.8819107 0.7336421
0.7136021 1.689276
0.690472 1.103804
0.6505926 1.096802
0.8308059 1.293532
0.728995 1.339054
0.8604893 1.413436
0.7495722 1.741795
0.6807416 0.6937238
0.8020127 1.19486
0.8187543 1.140192
0.8831372 2.254764
0.7869653 1.068334
0.6393795 1.107734
0.8670069 1.007953
0.7809816 0.6452083
0.8176303 0.7269553
0.6770939 1.074508
0.8541896 0.7307587
0.6851822 1.143382
0.7397019 2.088609
0.745705 1.618371
0.5923321 0.8755972
0.7859318 0.8591338
0.7936669 0.7295903
0.7604084 0.7298245
0.6760299 0.9749562
0.757846 1.39061
0.7109389 1.160835
0.7748617 1.239891
0.7246828 2.294761
0.6824016 0.9029728
0.5423039 1.054114
0.6813042 3.42044
0.8762303 0.7345336
0.8474531 1.324834
0.7891055 0.7503446
0.8556502 0.7372981
0.7778059 1.215922
0.6100858 2.822437
0.792661 2.230237
0.8029681 3.03991
0.8691333 1.408525
0.5508287 2.249159
0.7245392 1.129517
0.7298087 2.017499
0.6428225 1.476727
0.6424178 1.232586
0.8399858 1.21743
0.4589482 1.820016
0.7772348 2.428505
0.8236756 2.032846
0.6648421 1.229227
0.6495771 0.9565143
0.6959526 1.000261
0.6690613 0.9281087
0.7783436 1.121987
0.6483338 0.7122125
0.5466189 2.172419
0.8004744 1.374568
0.7101572 1.045646
0.8749972 1.544812
0.763167 0.7047952
0.8373883 1.676147
0.7402807 1.5359
0.7481505 1.79509
0.7163237 1.114293
0.78072 0.6794913
0.8617646 0.8323179
0.7330115 0.9112239
0.7725493 1.034148
0.8333693 1.489156
0.6933584 1.051278
0.7921832 1.161722
0.7554199 1.059008
0.7508123 1.017236
0.6372375 0.900267
0.8439846 1.751798
0.768225 0.8945784
0.7676097 1.361952
0.7160318 0.9766448
0.8319854 0.830678
0.6711172 1.314977
0.843471 0.6821192
0.8338383 0.7606969
0.8077292 1.43644
0.6106847 0.6974047
0.7190031 1.265332
0.7446872 0.8009484
0.7762285 1.200057
0.6788425 1.458351
0.7860946 0.6541221
0.811447 0.8288533
0.7970923 1.591645
0.5921947 1.282505
0.7480283 1.558832
0.8427356 0.7201451
0.5759082 1.644413
0.8884337 1.215647
0.9442181 0.8494679
0.8589401 0.9508128
0.6814176 0.9885654
0.6780453 1.296508
0.7869205 0.9913803
0.7978581 0.6507795
0.8537631 1.187911
0.89844 0.6397362
0.7188048 1.184862
0.780067 1.594634
0.6962847 0.556828
0.6458921 1.336737
0.757567 1.119895
0.6648491 0.9748352
0.6704095 1.215759
0.840955 1.619169
0.6011238 1.443361
0.7131121 1.209195
0.6559421 1.255592
0.6152364 0.9089248
0.8570683 0.8052651
0.5854948 1.271843
0.6827871 0.6391693
0.6677543 1.060814
0.5671425 0.6742189
0.8765423 1.319989
0.876293 1.664385
0.7472194 0.8583173
0.783647 1.813726
0.6578678 1.924092
0.6183324 1.740177
0.6639993 1.15212
0.6235072 1.53196
0.8514618 0.684118
0.9205361 1.317504
0.7033435 0.7872555
0.7267675 1.15869
0.6628156 1.127541
0.8510158 1.104943
0.7739416 0.8994942
0.7172301 0.6904333
0.6914699 1.139754
0.6337991 0.549503
0.762364 0.614242
0.7835748 1.049117
0.6524926 1.330869
0.8101469 1.896902
0.8260545 0.9706617
0.7165791 0.603976
0.7283804 0.8212821
0.7016861 0.7891045
0.8406433 1.207502
0.6444385 0.9901768
0.7122925 0.821805
0.7044714 0.9631302
0.67063 0.8729394
0.7038651 2.102795
0.4258498 1.692779
0.5636704 0.7426405
0.8418432 0.6066171
0.6480001 0.8995338
0.7016568 0.6766314
0.7536764 0.8948287
0.7712477 0.8034274
0.7795367 1.300372
0.8832687 0.7896661
0.6961905 0.9193537
0.8378746 1.162701
0.6734581 0.7611101
0.8108927 0.9585312
0.7025258 1.360912
0.7383164 1.006609
0.72546 0.7055832
0.7584431 0.9032279
0.8180247 0.739089
0.752647 0.6920425
0.7089601 1.400528
0.6164576 0.9177508
0.7792477 1.89613
0.713077 0.9829629
0.5675636 1.059469
0.8791212 0.6854156
0.5680387 1.16045
0.7275697 0.9354962
0.7855833 1.056921
0.76212 1.09755
0.6869141 0.8839632
0.7051286 0.5105959
0.8582557 0.6062937
0.6274258 1.176275
0.7031252 0.8612195
0.7078339 1.415203
0.8102987 2.690099
0.7290287 1.242199
0.7421868 0.6223464
0.6815258 0.7435937
0.7219645 0.86373
0.7976023 0.7356862
0.7999689 1.252901
0.707015 1.996145
0.5396165 1.422691
0.833342 1.812004
0.7631805 0.9941628
0.6970184 1.015063
0.7636658 1.544911
0.6772803 1.456395
0.8079519 1.090962
0.7331791 1.059881
0.8966211 0.7497212
0.7456542 1.095139
0.7457386 0.6401757
0.7720204 0.6714123
0.7556406 1.092855
0.894923 1.114329
0.7424292 0.9081022
0.680623 1.295968
0.7169139 0.5629776
0.7085679 2.149944
0.7144536 2.455849
0.7655657 0.7535644
0.8204521 1.037577
0.7285848 0.9007899
0.9031787 0.8895726
0.7267917 1.401472
0.8405741 1.42892
0.6061555 1.016308
0.5760973 0.7547975
0.6979027 1.912174
0.6974087 1.073779
0.6130404 0.9306692
0.8066215 1.00291
0.7926151 1.944711
0.7274341 1.628871
0.7896412 0.8667378
0.8111206 0.6815092
0.7846173 0.7969246
0.8033465 0.5032008
0.8308443 0.7701313
0.8540791 0.6585513
0.7879196 0.91934
0.8642953 0.9968554
0.8187532 0.7969435
0.7461227 1.004606
0.6940643 0.8763711
0.8103013 0.8748112
0.6011735 1.153596
0.6820789 1.165464
0.7238784 0.8480727
0.8233113 1.354777
0.8753992 1.408567
0.6702163 1.486475
0.6228417 1.417562
0.6280839 0.8728355
0.6892817 0.7291498
0.5935791 1.090922
0.6999139 1.113977
0.7230656 0.9916246
0.7549413 1.229719
0.736925 1.253565
0.856041 0.8893878
0.6475709 0.8824138
0.718046 0.9896308
0.5343934 1.438699
0.6268598 1.461251
0.6971756 0.6168444
0.7285764 1.052186
0.6670965 1.515927
0.7303691 1.222387
0.7556277 0.6465181
0.8459846 1.01898
0.876885 0.9967305
0.7298496 1.025948
0.7214316 0.9550343
0.7626065 1.427457
0.7798933 1.181578
0.6573908 0.6733678
0.7095628 1.682499
0.5329377 0.8251811
0.6970475 0.877437
0.5681383 1.14256
0.6009508 1.193619
0.8572905 0.9590438
0.6923506 0.7641517
0.8569087 1.263892
0.6924357 1.531143
0.689129 1.843407
0.6408118 0.9585042
0.612905 1.95817
0.728693 1.005547
0.7074163 1.611183
0.6202553 0.5801345
0.805562 0.5721595
0.8453926 0.6574142
0.8662131 0.7423054
0.8355507 0.9019264
0.8071847 1.051271
0.6799969 0.6434777
0.5899561 1.240196
0.7797602 0.4949151
0.617795 0.6848011
0.6882502 0.9849067
0.5405258 1.552499
0.8457625 0.9311044
0.6747237 0.7961623
0.6114965 1.072997
0.811507 0.912748
0.7775787 0.8711875
0.7581193 0.7854465
0.8060944 1.120832
0.7152918 0.9486737
0.8248906 1.468529
0.5102524 0.9293469
0.7919641 1.137857
0.6952632 1.319042
0.7507612 0.8495932
0.6603176 0.5320135
0.5563509 0.9947736
0.8518891 0.8015491
0.8187398 0.9028976
0.7125179 0.8063387
0.8580987 0.5197082
0.7844589 0.6086314
0.745862 1.427074
0.6559316 0.979187
0.7829768 0.872925
0.6465062 2.685866
0.8930809 1.049244
0.8297025 0.6433553
0.6260497 0.8789026
0.7097606 0.8931672
0.7508761 0.4525151
0.6803686 1.028553
0.6264921 1.061882
0.8839115 3.850166
0.7838627 0.9474777
0.5753219 0.4850821
0.7116548 0.6287898
0.730059 0.8685959
0.6783314 0.8822191
0.7330276 1.472357
0.7541324 1.062749
0.6921157 0.58735
0.6286541 0.5007244
0.6807054 0.7616625
0.7891203 1.105769
0.7951937 0.9752058
0.5164108 0.9000645
0.7327596 1.155183
0.5609616 1.073658
0.7075603 0.9965388
0.6841397 1.861515
0.8309793 0.7616313
0.7723518 1.329465
0.6411943 1.143362
0.7543665 0.5217263
0.8675065 0.7779303
0.6643869 1.14074
0.7294724 0.6082582
0.8047466 0.8199217
0.7227298 0.7356469
0.8523104 0.6856742
0.6754617 0.8294677
0.826528 0.655447
0.8635625 1.392612
0.8107081 2.315486
0.7529143 1.103561
0.8767596 1.420627
0.5045878 0.8427113
0.8867892 1.021472
0.8024774 0.6667527
0.7318676 0.6629825
0.5570801 0.828274
0.8705514 0.8790171
0.7508088 1.128308
0.7388661 1.007637
0.5270562 0.7712876
0.7640603 0.7913625
0.7916564 1.214526
0.8731063 0.6514441
0.7201445 2.322821
0.6815039 1.241976
0.7845252 0.9318716
0.8650034 1.244383
0.7220442 0.6197557
0.8421597 0.4722148
0.850753 1.00048
0.7024316 0.8158657
0.7453969 1.382236
0.7896281 1.327861
0.7598637 1.11687
0.8852482 0.8462778
0.796421 0.7329665
0.6635931 1.002058
0.7022775 0.9861148
0.6118508 1.118377
0.7968427 0.7422188
0.8331065 0.6161654
0.6092446 0.8109853
0.8262532 1.306205
0.4968049 0.7567514
0.8438882 1.002924
0.7996531 1.596536
0.7836397 1.042729
0.6898586 0.6870945
0.7054212 0.7411735
0.6555043 0.7803594
0.7690904 1.330749
0.9056924 1.254006
0.6939407 0.6223768
0.8395204 0.6209187
0.8196374 0.9225976
0.7048716 1.439599
0.6057647 0.9681847
0.616955 1.102679
0.7078177 1.114912
0.7796439 1.350004
0.6505291 1.161017
0.6613731 1.322483
0.7821637 1.722401
0.7235786 1.091402
0.7991958 1.613851
0.7464027 0.8874595
0.7212765 0.6026165
0.6294108 2.030509
0.6356643 0.6905982
0.7393888 1.010737
0.8476713 1.193577
0.678635 1.038517
0.7903517 0.750377
0.4471642 2.137913
0.8020129 0.6742119
0.7940666 0.8328158
0.6866833 1.087746
0.7802038 0.8507588
0.8329347 1.226955
0.7276754 0.6559777
0.7338794 1.130195
0.7327303 1.315695
0.7821192 0.8249529
0.8163301 0.9977117
0.7718741 1.894153
0.6580853 1.348621
0.6776537 1.80429
0.7235542 0.7772746
0.5529519 0.8152246
0.6187756 1.35591
0.7001852 0.7227986
0.7352395 0.9965159
0.7962899 0.969248
0.7555531 0.915299
0.6776003 0.7954354
0.7688906 2.114742
0.783763 2.295654
0.777345 1.30052
0.7646747 1.300472
0.6644299 0.502042
0.6965897 1.823278
0.7613534 1.310256
0.7474745 1.177864
0.5558491 1.681569
0.7138194 1.226937
0.7503773 1.771685
0.7418752 1.650275
0.7453656 2.229452
0.6575253 1.244231
0.5883721 0.8059994
0.7988883 0.8135208
0.6338078 1.100283
0.7981595 1.111419
0.9006457 0.8365493
0.7433778 1.090594
0.8023113 1.022832
0.5541644 1.275548
0.7104392 3.581601
0.757554 1.618807
0.4556001 1.125288
0.5805025 1.846304
0.6263347 0.7541201
0.6872208 1.153774
0.446738 1.042982
0.4578852 0.6925021
0.6868056 1.222312
0.6915371 0.7800863
0.6387359 0.5945401
0.8159951 1.873014
0.7317297 1.701451
0.6614244 0.9596505
0.6850303 0.7244329
0.8702939 1.146233
0.7823147 1.45121
0.6171909 0.9763986
0.7224175 1.464215
0.7697144 0.8424446
0.6039776 1.191674
0.7527423 1.089612
0.6631171 2.111891
0.8914561 1.15
0.6989998 1.790736
0.7092606 2.338108
0.7293114 0.6948028
0.6606021 1.068441
0.7152583 1.063398
0.8092175 0.8259895
0.838885 1.755371
0.7062011 0.8666411
0.7459385 0.8472412
0.8458693 0.797607
0.623287 0.9780834
0.7029945 0.9545104
0.8239418 1.522287
0.6385737 0.8513274
0.6389293 0.5699261
0.8191896 1.672718
0.8164166 1.118711
0.7939244 0.8856756
0.6478983 1.516211
0.6993497 1.053511
0.7475895 0.9503104
0.6411631 2.08506
0.7771576 1.553745
0.8298889 0.9357218
0.7622706 0.6455707
0.6595722 1.508726
0.6348804 1.474886
0.788449 1.276608
0.7736129 0.6658047
0.809692 0.6884571
0.6062291 1.090434
0.8453577 1.203467
0.7406422 1.901289
0.9146883 0.970378
0.6032991 1.185775
0.5926705 1.182077
0.495787 0.560249
0.8027958 0.6908633
0.7010688 0.7650586
0.6796754 0.5416351
0.6407874 0.9590271
0.6265908 0.9842128
0.6986834 0.8588061
0.8140507 0.7573237
0.7297822 0.8482157
0.7463117 0.5493268
0.5625365 1.0988
0.7270263 0.8058488
0.7226412 1.410931
0.7597793 0.8696786
0.7943535 0.4443426
0.6180689 0.6715574
0.647005 0.5852219
0.5601245 1.255249
0.7813518 0.7801758
0.801887 0.9942326
0.5559904 1.261885
0.6573343 1.17261
0.7849256 1.003447
0.6868134 1.198369
0.6773182 2.438604
0.5683171 2.312196
0.8854906 1.838175
0.7666086 1.948018
0.6492282 1.021368
0.772839 2.322899
0.8564025 0.7377232
0.6971471 0.7516279
0.8474371 0.8137026
0.6280471 0.6180745
0.751315 0.9455891
0.8754866 0.7080799
0.6903613 2.345787
0.7273594 0.6405104
0.8070512 0.6919484
0.668118 1.881795
0.7410194 1.478375
0.8920455 0.8096317
0.8579398 1.314678
0.8214196 0.9209029
0.8071208 0.942265
0.7197314 1.82829
0.9038935 1.362589
0.5933962 1.164374
0.7551173 1.244659
0.7700839 0.7642582
0.7306692 0.8647989
0.7545055 1.256954
0.7641163 0.6417253
0.6410644 2.307762
0.7133555 1.696919
0.7712807 1.549527
0.7830821 1.152682
0.7696405 0.8394972
0.6641766 1.409927
0.8276647 1.001836
0.6999808 0.6186147
0.8157558 0.9226499
0.6372552 1.022642
0.7320464 0.5408995
0.6115668 0.7761631
0.6715571 1.003113
0.5681969 0.8760718
0.6819352 0.6065355
0.7324216 1.358406
0.8832628 2.113681
0.7647525 1.204436
0.7852931 0.9487201
0.5169719 1.227687
0.8167839 1.506065
0.4729095 0.711096
0.8749249 0.9192439
0.833735 1.185446
0.8019022 1.093203
0.8537225 0.7307148
0.8195597 0.8360472
0.7648267 0.6132161
0.7634893 1.496388
0.6838249 1.237069
0.6631454 1.242376
0.6046018 0.8661123
0.6737592 0.8334453
0.5481548 1.648653
0.8066301 0.8348642
0.8459323 1.522582
0.6166014 0.7990259
0.785408 0.8089747
0.7879244 0.7948557
0.5560897 1.141687
0.6327682 0.7273091
0.7752593 1.117982
0.9050286 0.6294427
0.7887435 1.581753
0.6990094 1.380027
0.6035854 1.436454
0.7414844 1.225984
0.780158 0.8023114
0.641 0.7448805
0.6311509 1.232582
0.7519642 1.313478
0.7935948 1.028397
0.6984729 0.6730375
0.7357131 0.9287574
0.6731221 0.707078
0.8090051 2.198641
0.5670344 1.695113
0.562694 0.6241911
0.8523091 1.266911
0.6092131 1.823018
0.7017343 1.523837
0.6865434 0.6978806
0.5847751 0.7964864
0.6903051 2.06748
0.5370246 1.010593
0.6766063 1.183266
0.6148102 0.8850632
0.6645094 0.8432851
0.8428944 1.63253
0.7488712 0.6976055
0.7405729 0.9881527
0.830489 0.884237
0.6279363 0.8910388
0.5299316 0.5856125
0.8033201 0.9926448
0.7505809 0.7976633
0.8017765 1.008566
0.707506 0.562
0.7252107 0.6331856
0.6257653 1.037961
0.6621981 1.197732
0.8211854 1.903912
0.6227498 1.067917
0.4759416 2.096802
0.7735185 0.9228654
0.5897262 1.821273
0.7972941 0.8286369
0.7260134 0.6513793
0.7672016 1.812772
0.8824588 2.753745
0.9238815 0.7758891
0.8294606 0.6893515
0.6727166 1.123101
0.7012445 2.110548
0.6126601 1.517773
0.7284724 0.4959891
0.6746248 0.4860727
0.5349389 1.272897
0.7577584 0.6933913
0.7697458 1.507112
0.7116152 1.629277
0.8268384 1.868788
0.6927948 2.252888
0.5902587 0.9359819
0.7656281 1.01219
0.6318321 1.427889
0.8093691 1.010297
0.7456224 0.9464341
0.6007722 1.009819
0.7161308 1.106264
0.6440896 1.180243
0.5839188 1.517503
0.5724374 1.844954
0.7337521 3.708334
0.6439239 1.592967
0.5863713 0.8461311
0.6043801 1.141677
0.8435017 1.013658
0.8506893 1.158066
0.7914206 1.892457
0.647315 1.466043
0.6522525 0.9284239
0.7017597 0.6421323
0.7442712 1.484265
0.680752 1.570458
0.7707496 2.882558
0.5398772 5.071001
0.7619214 1.218942
0.6253066 1.615079
0.6510566 1.238847
0.6369608 1.348743
0.7323421 0.8337445
0.6806597 3.835648
0.5926678 3.49408
0.8020032 0.7369845
0.4632349 1.377051
0.4770647 1.037963
0.7506768 1.274173
0.7941069 0.8517609
0.7221767 0.8821412
0.6948557 0.9772176
0.6334773 1.241312
0.7245685 1.351988
0.7460486 2.493341
0.5445199 1.090151
0.4705116 1.465982
0.7128945 2.079972
0.8277416 2.121106
0.779965 1.126059
0.7641326 1.425628
0.8940159 1.197809
0.823486 1.001043
0.7233768 1.385892
0.8359765 4.116144
0.7538994 0.7951286
0.8996779 1.575536
0.8291145 0.5650854
0.8474053 0.6849326
0.7652059 0.7862761
0.7777007 0.6818707
0.7920931 1.291791
0.6896443 0.927585
0.7691146 1.058923
0.6463766 1.030339
0.7732763 0.9828314
0.7276501 0.9989227
0.7936334 1.37234
0.7194139 0.7198176
0.7658559 1.63565
0.6788831 1.578131
0.7882473 0.8906045
0.615104 0.8852909
0.8074792 0.4833056
0.7183832 1.079254
0.5803936 3.187356
0.7112287 0.7251328
0.6858182 1.093439
0.74372 1.790571
0.7015442 1.891871
0.8305482 1.432904
0.8251929 1.349894
0.6531641 0.6784987
0.7033985 1.143242
0.5883322 1.213069
0.8555658 0.8546094
0.6633745 1.171209
0.6052033 0.7210591
0.6662973 0.7595984
0.5425084 0.9068802
0.6466962 1.105073
0.7548678 1.217521
0.5862345 1.903867
0.6274827 0.8648924
0.7176624 0.7979084
0.544463 1.01897
0.7658469 0.824864
0.8529562 0.7440761
0.7137389 0.9161711
0.7554602 1.103298
0.8642005 1.032762
0.8261037 1.341603
0.7448459 2.139527
0.7910763 1.107855
0.6155647 1.478339
0.6641898 0.5757463
0.7365121 1.151501
0.7401061 1.222887
0.7866173 1.223233
0.6856893 0.8029233
0.7554659 1.174553
0.7673599 1.579644
0.5705731 0.6842127
0.6564771 1.074991
0.7083563 1.051044
0.7484949 0.981134
0.7657137 0.8382738
0.6965437 0.6902366
0.6809485 0.5565313
0.5971739 1.092561
0.7103136 1.382906
0.9073897 0.6754797
0.7930122 0.771521
0.7811716 0.9034048
0.7154819 1.02874
0.5953627 1.308049
0.8350303 1.563586
0.7865238 0.9427429
0.7898512 1.071255
0.6836966 1.129261
0.8018107 1.435606
0.7535572 1.411135
0.7446902 0.7154564
0.6175688 1.447465
0.8641963 1.85559
0.6724354 1.474567
0.7352626 1.593553
0.7839381 0.865958
0.7863255 1.614843
0.7280617 0.9987515
0.5046397 0.9278485
0.7150638 0.8256382
0.6049103 0.920835
0.7454018 1.506827
0.7459995 1.661378
0.7267509 1.328797
0.8707349 0.8100818
0.7726915 1.180129
0.7180044 1.729006
0.6435892 1.129335
0.8743635 2.104337
0.9250967 0.9805359
0.785137 1.123461
0.6945699 2.690412
0.5921415 1.201905
0.8219034 1.086973
0.8199109 0.8844436
0.6440779 1.01756
0.6359195 0.7713712
0.6694993 0.9183794
0.6689206 1.535229
0.863121 1.362645
0.5730745 0.565875
0.7857423 0.8466291
0.9002698 2.192165
0.7905748 1.494965
0.6937075 1.301975
0.733383 1.618636
0.6907089 0.8393325
0.77835 1.297336
0.7960908 0.9339255
0.9056114 1.517342
0.8998101 1.073701
0.7689373 1.079029
0.7918498 0.8517477
0.5690409 0.7112768
0.6062349 0.8760392
0.5867625 1.704476
0.7308188 1.433782
0.8321711 1.486459
0.77933 1.304255
0.7433062 1.253477
0.7731599 1.093426
0.8290593 1.498012
0.794302 1.276243
0.8684129 0.9468246
0.7802984 0.8590051
0.6674998 1.364113
0.6919673 0.980732
0.802795 1.035295
0.7096842 0.6629849
0.5663359 0.9896362
0.7501791 1.209243
0.5199191 1.403707
0.6098253 1.028435
0.598518 1.38483
0.7558937 0.9019298
0.7457443 1.008332
0.7635455 0.9070576
0.7636137 2.4664
0.7053175 1.347668
0.862928 0.7031864
0.7450601 0.7669415
0.7341956 0.6528308
0.7285317 0.5894764
0.7430307 0.8940729
0.563163 1.547577
0.8166751 0.8681676
0.7255215 0.9885932
0.5912079 0.8871825
0.8343861 1.711752
0.730213 1.219416
0.744128 1.234576
0.808506 0.8221053
0.8425202 1.159989
0.7730873 1.027979
0.7366785 1.105079
0.7695446 0.6362163
0.7127366 1.850884
0.8921915 1.089567
0.7849325 1.127634
0.8933845 0.667826
0.7495358 0.7146806
0.7867779 0.9061732
0.7705511 1.136755
0.684876 0.8031694
0.7647931 1.274368
0.8360414 0.8374898
0.7026021 0.6378829
0.7528476 0.7995369
0.6844864 1.225957
0.8865725 1.45182
0.7724457 3.662008
0.6944811 1.897509
0.7943611 1.861941
0.6861176 1.452154
0.658173 1.491415
0.7282089 1.044262
0.7658392 1.843415
0.8717146 2.135995
0.8716522 3.407215
0.7600235 1.54304
0.7161756 1.783099
0.6570982 2.254
0.7344113 1.136819
0.7044388 0.9237219
0.565135 1.520359
0.6976173 1.071361
0.7971838 1.088302
0.6676814 2.272026
0.4131809 1.37898
0.6369982 0.6346117
0.693835 0.7105304
0.7074943 0.8432119
0.7516469 0.8663255
0.8499221 1.305462
0.8938946 0.5495561
0.5951109 0.7406368
0.8952191 1.086734
0.5832301 0.7551338
0.7074832 0.9810154
0.6973092 1.674888
0.6641599 0.9927226
0.7051075 0.678935
0.6749633 0.8643928
0.4521035 1.176942
0.6880293 2.541963
0.6870041 0.823088
0.7358044 1.067616
0.7522081 0.8708159
0.7797978 1.171384
0.4988898 1.039204
0.7233522 1.74497
0.7664401 1.281308
0.7489504 1.665189
0.7940364 1.873029
0.7892383 1.007207
0.7736052 2.279061
0.8971625 0.7049077
0.8743893 1.368949
0.8077853 0.8928733
0.7693353 1.01177
0.705685 2.033257
0.7551613 1.103389
0.8311473 2.664678
0.8216553 2.25115
0.7837449 2.788048
0.8148761 1.019529
0.8056675 1.243096
0.5067585 1.343816
0.7606975 1.364966
0.7833336 1.404377
0.8834519 1.334328
0.7505608 0.7766394
0.7357948 1.448187
0.4462256 1.362418
0.6677584 0.7799496
0.6190216 0.8264542
0.5507295 1.379103
0.714572 1.281892
0.4878321 1.979098
0.8548465 1.386653
0.6564961 1.286564
0.671775 0.7647268
0.7752534 2.086065
0.80277 1.066333
0.8266229 1.162137
0.6325389 1.495982
0.6125857 1.414181
0.7244522 2.878733
0.6559325 1.492215
0.6837859 1.869421
0.7542541 1.330212
0.8221712 1.310935
0.695208 0.8935315
0.6925233 1.177343
0.550369 1.323402
0.7096067 0.6975227
0.657718 2.079324
0.571223 1.244204
0.6943196 1.022413
0.8366405 0.7962091
0.8589745 0.9571181
0.8302735 1.882015
0.7677663 0.949453
0.7147676 1.793377
0.6157208 0.5906142
0.694344 0.4963837
0.6256055 0.9710491
0.8205988 1.56091
0.6236682 1.404982
0.6073136 1.246393
0.7774156 1.674906
0.8227198 0.8133968
0.8225596 1.251379
0.8302877 1.065873
0.6564032 0.6722563
0.685578 1.157131
0.8793563 1.09514
0.6312939 1.262915
0.5909511 1.50593
0.708305 1.014109
0.7838198 0.8980362
0.6563157 0.8169009
0.6898046 0.8645959
0.694856 1.573588
0.6199731 1.448095
0.5807407 0.9189383
0.7623544 1.016679
0.6122948 1.282845
0.8409226 1.037036
0.7210813 1.583388
0.7709109 0.7978078
0.7100147 1.246028
0.686774 1.387198
0.6264933 1.405754
0.7093848 1.386007
0.6866217 1.173226
0.8064128 0.9767461
0.6725932 1.093628
0.7321561 2.309894
0.7057483 2.138243
0.6149484 2.808809
0.8979869 2.061517
0.5607428 0.8727179
0.6047108 1.114814
0.7833581 1.83432
0.8305482 1.476185
0.6510299 1.062431
0.8079 0.989401
0.4818241 0.7617399
0.7800354 1.188757
0.6784436 0.9351958
0.6649074 1.160026
0.5374319 1.352467
0.6715102 1.185544
0.7320049 0.4808748
0.7227722 0.7357125
0.6420616 1.402127
0.5493958 1.865987
0.5759333 0.8930805
0.5244327 0.7381344
0.6812132 0.5524183
0.7652468 1.0245
0.6566448 1.555027
0.7981568 2.32346
0.7521682 0.6726565
0.8333161 0.8706758
0.7892691 1.74391
0.6841856 1.353884
0.5236607 1.61578
0.7956594 0.9945333
0.7194949 0.8931678
0.4350626 1.338649
0.7435578 0.8137533
0.6139221 1.835931
0.7252751 1.21984
0.7690695 0.8917152
0.7388604 1.136251
0.7235805 0.8799414
0.5858093 1.892877
0.7819148 3.47376
0.7835821 1.657792
0.5001362 1.184323
0.5271642 1.641588
0.5819176 1.661552
0.5528855 1.179334
0.6852173 0.7581143
0.7945043 0.5123595
0.6936354 1.51319
0.8536737 1.372512
0.8394176 1.214166
0.8292536 0.967867
0.8256553 0.8596129
0.5525315 0.5921606
0.6810908 1.589358
0.6948846 1.269492
0.7481276 0.9086112
0.7895153 0.9313114
0.6013978 0.7470691
0.6805909 1.856408
0.8005564 0.9286833
0.8218447 0.6621736
0.7161146 0.7758384
0.6715405 0.5906293
0.5169011 1.047208
0.7092722 0.8902692
0.7202663 3.555167
0.6214923 1.680191
0.9123933 0.6776592
0.5853869 1.247718
0.7600625 0.9944915
0.7376272 1.987631
0.5708869 1.357235
0.7038553 1.23405
0.5946832 1.178228
0.7543257 1.721258
0.8524847 3.373642
0.7060133 0.7933344
0.7711669 0.8403617
0.7538963 0.7180748
0.8789211 1.286508
0.7658376 0.8065736
0.8137104 0.5637357
0.6850803 0.7228783
0.500021 0.8569883
0.7381387 1.857986
0.794366 1.099852
0.6784046 1.483917
0.8110955 1.895337
0.6408166 1.96271
0.7271767 1.483512
0.6790815 1.477632
0.8227375 1.453059
0.7918136 1.09361
0.8213334 1.515546
0.8033288 1.809383
0.8346651 1.170924
0.6865521 1.601613
0.7165792 2.066426
0.7335502 1.968981
0.5663125 1.382107
0.6036373 1.610312
0.7796672 1.407118
0.817227 1.427326
0.8897208 1.483907
0.7655312 1.059922
0.7567668 1.059665
0.7479579 0.8311703
0.7664938 1.759483
0.6503148 1.082951
0.5435317 1.747142
0.7642251 0.9981907
0.766208 1.158777
0.8644626 1.704906
0.7723365 2.108213
0.7344978 1.401124
0.695747 1.345384
0.8368401 1.828804
0.6016683 1.557974
0.8033354 1.751935
0.5912929 1.19979
0.820171 2.224295
0.7139112 0.8925446
0.7538714 0.6303018
0.8009785 1.464312
0.7741919 1.340098
0.609402 0.7566949
0.6376878 1.556836
0.9318287 1.393671
0.7459417 0.8409025
0.7070142 0.780853
0.7858889 1.150759
0.6684596 0.9210568
0.805006 0.8511771
0.7575259 0.7205399
0.6354652 1.177758
0.8013665 1.492335
0.5541437 1.053636
0.4080313 0.5635968
0.7163746 1.097891
0.6683273 2.437683
0.6124403 2.636961
0.6476259 1.103297
0.6005372 0.7276379
0.616489 0.99299
0.872806 1.85493
0.6638819 0.8334228
0.6610743 1.814486
0.618624 1.299982
0.5310438 0.8042596
0.6144086 1.429987
0.5447612 1.685958
0.5970226 1.882845
0.5541828 0.9026907
0.6393793 0.7716481
0.7365034 1.127956
0.7504629 1.149107
0.5952664 0.6893673
0.7401318 1.012851
0.6764595 1.881342
0.8180327 1.029893
0.5194833 0.5934165
0.4647775 0.7734343
0.6104518 1.23147
0.7496116 0.8263989
0.5320739 0.4425224
0.7594503 0.5439859
0.73067 1.058649
0.7487742 0.9368168
0.8088629 1.231651
0.8190189 0.7547391
0.8260757 0.780639
0.7798503 0.6033062
0.8383834 1.099677
0.7611576 1.314425
0.823319 1.635538
0.7740664 1.635439
0.7187777 0.7564874
0.8033768 1.064791
0.7205875 0.8746522
0.8735473 1.226263
0.726718 0.9077054
0.8174133 2.498144
0.6917752 1.016421
0.7074718 0.697085
0.7833849 0.9630931
0.7924666 1.513245
0.8375461 1.079327
0.7797484 0.9990569
0.8791568 0.5846124
0.8461425 0.8641224
0.7670169 1.934958
0.6454584 0.8122096
0.7197316 1.591291
0.676821 1.002103
0.8083594 1.595762
0.8551685 1.104506
0.5826978 0.8729441
0.7762833 0.5845072
0.6506649 1.237543
0.7891782 1.080585
0.7622191 0.693014
0.7177638 1.570271
0.5191244 1.133465
0.6953701 0.6074483
0.7780338 0.5411448
0.7849098 1.310151
0.8541169 1.034524
0.8996772 1.368702
0.7452039 0.7893681
0.7183223 2.307317
0.8370679 0.7924696
0.7703172 0.7735408
0.6696788 1.291726
0.4673433 1.774586
0.8332771 1.068349
0.7154457 1.14879
0.8467732 1.411794
0.7666834 1.47444
0.7364941 0.9605227
0.7193797 1.50278
0.745518 0.961982
0.7078885 1.446846
0.7695033 0.9790042
0.7148099 0.8319367
0.8606333 1.318004
0.538599 0.8709929
0.8876562 1.097879
0.6949409 1.087556
0.7284244 0.9082675
0.785184 1.521392
0.8436094 1.052314
0.6737424 1.169166
0.7013577 0.7877514
0.8070494 1.284826
0.6727252 1.07346
0.463606 1.323755
0.7870735 0.7202674
0.674072 1.756516
0.473419 1.664225
0.7335447 1.59444
0.6065712 1.678903
0.6356273 1.179814
0.8033017 0.8537995
0.81898 0.9250379
0.6536852 0.6198817
0.7217247 0.7615138
0.5905049 1.177812
0.5884385 0.9457853
0.661609 0.9597142
0.7184151 1.439916
0.7479608 0.8120149
0.756387 1.886352
0.6638742 0.6844387
0.8371192 0.6809142
0.7979884 0.6343256
0.7203179 0.964693
0.6932563 0.660334
0.6115329 0.785575
0.7196726 0.607875
0.670044 0.8428787
0.7095932 0.9676365
0.6881181 0.8810393
0.8368886 0.6708291
0.6646085 1.628782
0.5773643 0.9678368
0.6582863 1.900957
0.6420135 2.072953
0.6611555 2.692115
0.7514366 1.141956
0.8443049 0.9631743
0.6403646 1.019861
0.8686627 0.5853696
0.7492873 0.5732286
0.7615339 1.398265
0.7117907 0.8482215
0.7688736 1.574037
0.7050689 0.8496079
0.7729543 1.822714
0.6368456 2.124764
0.668718 0.7122436
0.7397707 1.573812
0.6455256 1.220476
0.7950411 1.246733
0.7344171 1.07096
0.6859524 1.033666
0.6388729 1.576581
0.7956237 1.932086
0.8078215 1.266705
0.8267462 1.546512
0.795449 1.325489
0.697069 1.093246
0.7564058 1.458296
0.6686215 0.563767
0.8121884 1.2938
0.6613237 1.427454
0.7336184 1.001941
0.6842674 1.128052
0.7332494 0.9042139
0.6773186 0.7810445
0.7388279 0.692044
0.7139494 1.024622
0.5960318 1.533857
0.7126842 1.047473
0.6149575 1.787026
0.4395601 1.263427
0.6599007 0.7112716
0.8390949 1.146438
0.7355245 2.954494
0.7890576 1.47057
0.6794842 0.8790062
0.6163418 1.066447
0.8691759 1.067334
0.7959259 1.260466
0.5468717 1.308295
0.9400303 0.6178898
0.7548829 1.368469
0.7110367 1.222503
0.7614101 1.117087
0.8120971 1.269848
0.8170562 0.819653
0.7027742 1.499931
0.6709716 0.6323287
0.7729831 0.8682772
0.6907646 0.8964736
0.6060611 1.805449
0.685122 1.347558
0.7950452 1.424077
0.7293179 1.088745
0.8773812 1.967701
0.8580012 1.296258
0.5907362 0.5637346
0.7887595 1.384065
0.6687956 0.8466253
0.6722658 1.069874
0.807872 1.317158
0.8229865 1.556766
0.7268362 1.689836
0.6447124 0.5595275
0.790992 0.6901179
0.7558355 0.9289324
0.6298471 0.9128197
0.6084206 1.134859
0.7762351 2.662797
0.6862286 0.8954103
0.7683904 0.6838579
0.74018 0.742739
0.7308467 1.813319
0.7132519 1.347922
0.7016367 0.9914647
0.6096799 1.087541
0.7078692 1.202587
0.6692115 1.235148
0.7091877 1.146939
0.6149179 1.991433
0.7841301 0.8968107
0.7479662 1.052816
0.7002582 0.855601
0.7852976 1.287849
0.8353395 2.504631
0.6590448 1.025761
0.7699542 1.006326
0.6727574 1.159808
0.8787796 3.712279
0.7105078 2.128548
0.5776102 1.847152
0.693689 1.46967
0.8421078 1.788343
0.6919805 1.404803
0.6362427 0.9126065
0.7805294 1.742503
0.7137274 2.216974
0.825848 1.01371
0.583095 0.8787976
0.7415731 1.83202
0.6458483 1.17283
0.6997457 2.433324
0.5590882 1.259815
0.5195466 2.418545
0.6033732 0.9823486
0.5270586 0.6373444
0.7581086 0.8483729
0.5765212 1.403296
0.5118043 0.5272323
0.5134449 0.6312632
0.7290088 2.814443
0.7962174 1.378904
0.5963556 1.725864
0.6671505 1.913147
0.8062791 1.415021
0.6729925 2.565059
0.6472898 1.980512
0.7969407 1.186184
0.5906628 1.458553
0.4582027 1.181635
0.5637743 1.101139
0.5044948 1.725799
0.7247132 1.767292
0.5826406 1.761245
0.6231395 3.604154
0.7589967 0.7337228
0.6178859 1.495724
0.7591277 1.748406
0.5583429 2.217395
0.5073397 2.338029
0.5750246 2.233695
0.5387253 2.018682
0.5246643 2.794951
0.7194759 2.025939
0.5208331 1.205192
0.6465544 4.401428
0.6926058 1.223985
0.3871374 2.327932
0.6408724 1.645408
0.6594522 3.497046
0.629096 3.683241
0.6613387 1.91415
0.7792354 3.085929
0.7293419 2.502015
0.6579972 3.360906
0.5319815 1.587662
0.4859335 2.32756
0.726514 2.921159
0.5619616 1.719357
0.7219559 2.066476
0.5930898 1.363007
0.7763657 1.894583
0.7489006 1.102052
0.6801287 1.916269
0.7457536 3.154534
0.6514107 3.420982
0.6826763 2.724289
0.5860537 3.713269
0.4083371 3.699904
0.6606661 5.730155
0.4049082 4.976033
0.4486105 2.407353
0.5976167 1.970768
0.7969377 1.219427
0.7348769 1.552133
0.6122099 1.216916
0.6144466 2.402274
0.6101949 3.893348
0.5521978 1.951641
0.4919633 1.621153
0.5498794 2.731643
0.38329 4.183695
0.5713851 1.549102
0.4199243 2.059979
0.5190856 0.9455353
0.3196849 1.869074
0.6187911 2.011828
0.3098952 1.960937
0.418332 2.141978
0.6471064 1.481902
0.4919728 2.477621
0.4540293 1.205972
0.5170864 2.245877
0.4872013 3.8204
0.4889032 3.571543
0.6022508 1.569634
0.759959 2.602481
0.711251 1.319956
0.6866314 0.9233969
0.8098151 1.740673
0.7897835 1.347186
0.3749661 1.386497
0.6660499 2.008115
0.5099353 1.233949
0.555654 2.139368
0.6206923 1.874301
0.6210617 3.805789
0.5144957 2.000318
0.7840965 2.319251
0.5258527 2.091809
0.644009 2.271609
0.6913712 1.720216
0.8769832 1.939449
0.676861 1.624758
0.6199337 1.503859
0.6310546 1.392164
0.5521018 2.533645
0.4674854 2.481151
0.5229419 2.669146
0.4916238 1.925101
0.4451909 1.855525
0.2487569 1.329297
0.6316723 3.268115
0.7212526 2.478924
0.6273664 4.763114
0.4341111 3.185265
0.4826393 2.158965
0.5818802 2.643926
0.6771874 1.19479
0.5174348 2.645285
0.614719 4.02514
0.6252897 1.215821
0.5741355 2.424348
0.5099667 1.672197
0.5046021 2.693396
0.6320848 1.685851
0.5259817 3.304622
0.5405211 2.929899
0.5096254 1.715286
0.6201022 2.550515
0.5985081 4.326524
0.6026031 2.725532
0.2968052 2.579479
0.5312618 2.806988
0.4924414 2.907954
0.6960222 2.981741
0.5293243 2.172494
0.6157205 1.44082
0.6980813 3.125972
0.4269038 3.662769
0.5774478 6.038491
0.4995289 2.271905
0.3876654 2.447018
0.3979845 1.467571
0.5436894 3.075851
0.5506464 2.090118
0.5594766 2.333939
0.4807149 3.932777
0.6792292 1.213177
0.6670095 3.914499
0.5542087 5.394668
0.6936218 1.64216
0.7448804 1.998861
0.6961643 1.147405
0.7769069 2.013426
0.6129009 1.35644
0.4822365 1.061009
0.5569676 1.342288
0.7095055 2.998555
0.6605609 1.184549
0.3923785 2.006335
0.774753 1.245943
0.641087 2.167019
0.5607016 4.528737
0.4711674 3.906516
0.5498441 2.923888
0.4958822 1.447918
0.5734312 3.416943
0.5935353 2.483324
0.5878485 1.98428
0.5992817 1.481553
0.4209675 1.230287
0.417772 1.696477
0.4363146 2.855124
0.787265 3.102693
0.4748256 1.00268
0.5560574 2.443611
0.5116645 1.091762
0.5962328 0.6865252
0.7250594 0.8755854
0.6426014 2.058604
0.6613061 3.955232
0.5938347 2.462911
0.6594916 1.636849
0.5136222 1.312147
0.3856568 1.713247
0.6221492 1.563486
0.4179151 1.938119
0.417983 1.248358
0.4451913 2.496352
0.796674 2.547718
0.5243401 2.887925
0.5508526 1.926111
0.3721152 1.831162
0.5324977 2.761768
0.5060464 2.020337
0.5686581 2.97761
0.4699945 2.856514
0.5582491 3.894008
0.5142149 1.747993
0.5439096 1.385711
0.4385502 1.231021
0.5534602 1.510292
0.5235917 4.28907
0.5236304 1.257146
0.3932906 1.88796
0.6926884 1.351373
0.5896269 1.869104
0.5670344 1.919096
0.6557621 3.717703
0.4836612 1.316392
0.6385626 2.193603
0.6286459 2.679512
0.7341967 1.291814
0.7294644 2.201144
0.8683643 2.821739
0.6400029 2.616545
0.7606462 2.687173
0.7060717 3.164618
0.6210439 2.101754
0.5495509 1.60269
0.6358963 2.524073
0.5305647 1.132487
0.371767 1.550143
0.5428629 3.103879
0.5284167 3.718276
0.4465115 3.363273
0.5237229 5.406438
0.5008604 7.583186
0.5463747 10.05486
0.4537855 3.623836
0.5507021 3.355859
0.7616509 3.450821
0.5750333 1.680787
0.3880686 2.167383
0.6316577 2.1359
0.6185397 1.794325
0.5052916 2.545004
0.5489605 2.673052
0.5351112 2.477984
0.5586997 1.739456
0.5547261 2.390941
0.4535452 4.131949
0.5592646 3.749426
0.5752561 2.700165
0.3700789 2.264311
0.564252 2.138285
0.4724033 4.168799
0.3930039 1.857484
0.467031 2.414475
0.5963642 2.315083
0.4816236 3.994523
0.6402365 1.724784
0.4863821 2.550224
0.5323184 3.951716
0.7306193 1.530766
0.8745794 1.152109
0.7046983 1.725434
0.6751062 2.934636
0.6230107 2.570736
0.5741536 3.485103
0.7136178 1.907358
0.6332023 3.686115
0.6192461 3.101482
0.6693394 2.561827
0.4298471 1.591238
0.2710323 1.435258
0.5414499 3.342603
0.7335404 2.706907
0.5731187 1.684274
0.4622928 2.325574
0.575503 3.50158
0.3667186 3.161796
0.5226213 4.474154
0.5647264 2.117452
0.6847315 1.805691
0.7509808 3.619185
0.7484377 2.450286
0.8041156 3.192036
0.3947575 2.350489
0.6121582 2.931547
0.5389206 3.555345
0.6395526 1.591712
0.6061365 2.026594
0.5871299 1.481789
0.3047119 1.580518
0.6554838 1.443076
0.3601709 3.161425
0.6498052 7.627822
0.6319301 3.780512
0.4243696 4.164283
0.6710911 8.927866
0.7735919 3.385843
0.5797039 1.2182
0.6508289 1.527619
0.4938349 1.720851
0.5039739 3.730885
0.511304 5.57173
0.4908702 4.296974
0.3745122 1.130221
0.5622147 1.133296
0.4021764 2.566129
0.630921 1.478622
0.5918887 1.595494
0.6019818 1.937935
0.4623948 1.855007
0.7118824 1.783112
0.5945747 2.94551
0.5785564 2.863036
0.3606954 2.195307
0.5670313 1.339607
0.5914677 2.216055
0.5769736 1.9137
0.6923286 1.923751
0.5837674 1.945243
0.4724244 1.184133
0.5749406 2.430452
0.3109479 3.120272
0.5796099 2.928492
0.4981222 3.661764
0.5289241 3.825136
0.6092425 1.258943
0.6293861 4.592348
0.504376 3.63788
0.4875323 3.000064
0.4809503 1.761606
0.5557822 1.733361
0.5149788 1.788141
0.4776724 2.878749
0.4892756 1.672911
0.7500065 1.579602
0.6525524 1.960322
0.5146366 1.912893
0.5344724 1.68871
0.5958621 1.999549
0.4471301 1.152252
0.4503575 2.324954
0.7452337 4.24479
0.7592445 8.136312
0.7596232 2.235217
0.5549339 2.761929
0.570271 1.358133
0.5722338 2.267669
0.5598535 3.35168
0.3872687 3.035787
0.6505124 4.745417
0.6320199 2.413019
0.4617903 4.032277
0.5587493 3.150867
0.484855 4.521035
0.4366955 1.907833
0.6072979 4.051319
0.6396871 3.45427
0.6782647 2.814205
0.6261462 3.3752
0.5493606 3.093436
0.6354988 2.498462
0.5094073 1.852841
0.5502701 1.957391
0.4922898 3.792422
0.6220915 2.428621
0.4339331 2.860659
0.4207269 4.050656
0.3789766 2.059536
0.4596873 2.962856
0.3059569 4.339645
0.4870425 4.543856
0.546469 3.935967
0.4591823 3.442936
0.5238585 3.096494
0.5670929 2.306698
0.7323158 4.560026
0.4813956 3.582184
0.6454156 2.393544
0.7267635 3.789882
0.5841799 4.515846
0.692414 3.354053
0.5815947 1.591062
0.642093 2.023179
0.6019229 2.016065
0.5649358 1.507806
0.5693577 1.993994
0.7012858 2.562131
0.7194437 3.153941
0.5921988 4.007069
0.5142466 2.872484
0.3599418 2.905743
0.4013461 1.74659
0.4120869 3.186518
0.6325757 4.733864
0.483792 8.36488
0.5194918 3.037157
0.5035731 3.604381
0.3434486 2.66639
0.4691019 3.080206
0.6233622 2.840912
0.4066261 4.924883
0.3993601 2.346503
0.5646822 1.907373
0.4152008 2.568027
0.5982059 2.007939
0.8121246 4.665556
0.5102354 2.131032
0.774762 1.893829
0.5910626 3.129974
0.5862882 6.351882
0.7060669 6.435992
0.6760114 5.312662
0.4848413 2.073682
0.6804923 5.463667
0.395813 4.467947
0.444077 3.829913
0.3700411 3.011694
0.6277475 2.760247
0.6050479 2.567826
0.5407389 1.813009
0.6778857 2.627778
0.6625126 2.239351
0.5698501 4.234309
0.5645321 2.569806
0.3050186 1.467843
0.6170456 2.419546
0.5497088 3.856
0.5769883 2.704706
0.5413669 4.109158
0.5975244 3.797147
0.5418032 1.445602
0.6044891 1.546079
0.5623935 1.902014
0.5637145 3.238013
0.4200593 1.565229
0.5316383 2.519045
0.5414515 1.996779
0.5624275 2.526754
0.6815154 3.038658
0.5135212 1.881915
0.6235865 2.565966
0.5563755 2.891488
0.7516586 3.409265
0.5831766 2.261275
0.6459089 1.887207
0.7045453 1.754315
0.6004296 1.616184
0.7340374 2.740076
0.6230928 2.243656
0.6095257 3.092687
0.6089439 1.873695
0.6104477 2.62227
0.6623923 2.119978
0.6324688 1.016518
0.5287086 2.145292
0.5708856 1.459317
0.6145259 1.666932
0.5150732 1.139474
0.5838392 4.99211
0.5548055 5.928246
0.6642981 2.161801
0.5319967 2.092753
0.6876287 2.281851
0.6283023 2.150204
0.451743 2.081974
0.4978005 1.547688
0.3806079 3.011694
0.6749164 5.311563
0.5877544 1.98103
0.4479594 1.616353
0.5076735 2.685166
0.6110904 2.277527
0.35845 1.400781
0.5824048 1.253414
0.5255136 1.746935
0.5790601 1.924097
0.5022628 3.200453
0.3538142 3.2649
0.2948675 3.551724
0.5958546 3.985388
0.4915178 3.513854
0.432793 1.701423
0.6688416 2.767673
0.6300505 2.966326
0.6746926 1.252137
0.6316344 2.440064
0.4329689 2.296244
0.5045309 0.7560337
0.6592977 1.731871
0.5057326 1.54782
0.4793677 1.406153
0.5351546 1.251996
0.527585 3.204172
0.7510201 2.652032
0.6997515 2.772759
0.6218986 1.246196
0.6422285 2.605778
0.7046648 2.000948
0.599357 1.694932
0.6747158 1.745414
0.6228716 1.726278
0.5546375 1.116906
0.6982677 2.008208
0.7882095 3.229761
0.5424885 1.762339
0.8216218 1.713756
0.4757006 2.414015
0.5760268 3.143868
0.499624 3.70609
0.5484984 1.93368
0.5974373 2.319728
0.6092578 2.634551
0.7177586 1.920381
0.5924869 1.766546
0.6393071 1.524905
0.7144807 3.538794
0.7576856 1.523276
0.7840181 2.466193
0.7194479 1.683787
0.6477542 1.843656
0.6714474 2.410164
0.628628 1.576571
0.5929182 3.374078
0.86034 1.45132
0.5068438 2.475236
0.4739031 4.588408
0.5634632 1.146994
0.7050107 1.957677
0.6015601 3.130653
0.4642045 2.678261
0.7195737 1.468808
0.6961345 1.498556
0.7058172 2.0534
0.5334209 3.410938
0.3962695 3.230508
0.3430293 2.468207
0.6989377 1.650874
0.4191918 1.932314
0.4273662 1.569106
0.573744 1.998302
0.6114036 3.944285
0.4001083 6.035366
0.5189042 3.560362
0.7095431 2.210585
0.5724262 3.780415
0.6109722 4.04326
0.3959587 2.324348
0.6330241 2.450066
0.6087575 2.575157
0.4477432 3.305235
0.4729134 3.345258
0.6663767 2.524909
0.4671994 4.790747
0.7139082 2.174108
0.5820674 2.619593
0.5296452 4.425686
0.5692095 5.30357
0.3746997 5.247712
0.5803879 2.458242
0.5695987 2.062132
0.3580942 5.73835
0.5873385 3.967471
0.6517931 3.903457
0.5194993 3.013604
0.7134606 1.629213
0.6558928 2.347543
0.4260865 1.82518
0.8117238 2.698659
0.5010835 1.796823
0.6327395 1.781534
0.5927706 2.919603
0.5608291 4.91638
0.4687021 4.666331
0.5837176 2.947443
0.4412875 1.655425
0.4265322 2.240798
0.5589903 2.246634
0.5909466 1.376947
0.5884356 2.109368
0.6212993 2.563464
0.6072312 2.357896
0.4961483 2.159654
0.2412628 2.22471
0.7112794 3.484242
0.3648225 1.610118
0.5452315 2.059208
0.624379 2.203504
0.5766484 1.498687
0.7404876 1.723489
0.7362861 1.880264
0.6187441 2.458456
0.5999307 3.583587
0.6604269 2.600633
0.598259 4.059863
0.4496053 3.929479
0.4345571 2.931505
0.6252243 2.560677
0.5960276 3.72756
0.6038955 2.223081
0.4139408 1.798483
0.4356723 1.391705
0.6046549 2.583802
0.4215926 1.478183
0.615975 1.132404
0.6600547 1.165102
0.6336602 1.900182
0.3599706 1.19898
0.511901 1.631971
0.8029219 1.188057
0.56737 1.788749
0.6884558 2.142473
0.6147891 1.670727
0.5342284 3.005623
0.5980726 2.080733
0.4041643 2.121696
0.5708848 1.405405
0.5669864 1.764057
0.5612616 3.330587
0.5026229 2.884936
0.5519991 2.260114
0.6711705 1.966591
0.6197847 2.564617
0.632677 2.327719
0.7115621 1.772173
0.4853206 3.083531
0.5454141 2.287659
0.4410362 2.707195
0.5809276 2.602261
0.538636 3.121762
0.5369765 1.426107
0.6101473 1.496926
0.422441 1.294167
0.6075328 2.696293
0.4342761 2.68203
0.4468657 2.808059
0.5345637 2.25495
0.6161324 1.605373
0.5015691 2.150413
0.5287071 3.07362
0.5502087 3.652829
0.5861797 1.13791
0.6901026 1.834261
0.5603947 1.520989
0.6864221 1.233864
0.6434474 1.826067
0.4432016 1.635996
0.5434373 2.71025
0.6827742 1.502374
0.5668272 1.405232
0.4903829 1.590299
0.5250658 1.567515
0.5400276 2.053466
0.6239742 1.770588
0.6978824 2.384845
0.4801161 2.539306
0.6692123 1.886368
0.6113271 4.880594
0.6067451 3.785456
0.5563946 5.931317
0.4799891 2.523659
0.5611765 2.633289
0.4307674 4.209041
0.4993719 3.135209
0.4452042 3.657672
0.6086591 3.094292
0.6830319 1.886189
0.4085579 1.764237
0.7256768 3.195234
0.4101352 3.949451
0.5012655 1.004333
0.5515641 1.036392
0.3701385 1.341014
0.5768924 2.921398
0.6450814 3.1473
0.5474177 1.428148
0.28119 2.120051
0.635607 2.439225
0.4183341 3.536359
0.7051864 1.988819
0.6149898 1.623647
0.4203259 1.201759
0.6984605 2.886359
0.7636049 3.122757
0.6489029 1.560354
0.6592358 1.301605
0.6146429 1.745995
0.774664 1.55497
0.6272764 2.819838
0.6124052 3.238904
0.6412115 3.103953
0.5760223 2.109672
0.5225718 1.164504
0.7207594 2.237097
0.6795106 1.756649
0.6027627 1.623871
0.3961971 1.759835
0.7650088 2.322839
0.8115264 1.37276
0.7049181 1.958594
0.4640112 2.776856
0.4568015 5.515237
0.5767653 2.663814
0.7050038 2.378398
0.6744383 1.512882
0.6410301 1.285368
0.8091053 1.969428
0.6704858 1.101072
0.5886881 1.35483
0.6633538 1.300406
0.6699356 1.379154
0.5802978 1.131056
0.5445847 1.988018
0.6091686 1.921628
0.5919777 2.452402
0.6357562 2.362829
0.6396085 2.172962
0.4996556 4.102716
0.696502 2.636567
0.4725477 2.224366
0.7797854 1.840704
0.627844 1.010066
0.5713271 1.894906
0.4950553 1.747494
0.555895 2.673753
0.7306448 1.497878
0.2908136 3.830899
0.4485138 3.157793
0.3387523 2.66768
0.3855146 1.983548
0.5434174 2.405042
0.4530691 1.960869
0.4164029 1.761437
0.6101329 2.135732
0.3886108 1.987172
0.6365701 3.647802
0.4789312 2.982071
0.2894292 4.490597
0.8225432 2.831924
0.5177386 3.131547
0.4999012 1.16593
0.474633 3.490252
0.5849036 1.865926
0.788839 1.685536
0.7934108 2.038738
0.6898839 2.950571
0.6556289 3.292504
0.4139558 3.479525
0.5768605 2.519663
0.7102423 1.392923
0.4908258 2.034576
0.70094 1.531904
0.7160682 1.149679
0.598772 1.957194
0.3855529 2.488067
0.5692093 1.918967
0.6803146 0.9512651
0.5459368 2.230847
0.5725419 4.105189
0.6643957 2.006478
0.599901 3.20542
0.5737915 3.320326
0.5255719 5.952876
0.4657504 3.178217
0.4677692 2.468361
0.5171236 2.163923
0.5602679 3.883244
0.4286266 3.210024
0.7351264 2.219597
0.6154796 2.370056
0.4932662 3.064025
0.7673729 2.242003
0.5448098 3.196485
0.4582258 1.868325
0.5901978 2.122445
0.4346688 1.861139
0.5506486 1.764198
0.576736 2.408433
0.5481024 2.151554
0.522577 3.478496
0.390358 2.359814
0.2921877 1.98721
0.4867258 2.934333
0.2690988 3.810498
0.5818011 1.405929
0.619096 1.998952
0.6002306 2.299175
0.3618484 1.848548
0.4761143 1.846469
0.6546273 2.671698
0.688571 2.460136
0.6245907 3.0102
0.7055594 4.016176
0.7267738 1.719707
0.6490845 1.67586
0.4864271 2.075204
0.5281733 2.022352
0.4812227 1.794948
0.4719393 2.225127
0.4597733 2.586108
0.5583986 6.97155
0.6636908 6.189474
0.8150861 1.66233
0.4860866 3.072013
0.5209975 2.678195
0.7218695 2.805843
0.5942774 4.29711
0.5517579 3.31513
0.5728113 2.40567
0.5443764 3.082778
0.585613 2.700086
0.6938004 2.087032
0.6476867 6.264231
0.519569 2.322515
0.7469277 1.946502
0.5805497 0.935806
0.5689387 1.612453
0.6857454 4.247841
0.6398166 1.665141
0.3554686 3.955063
0.4708947 2.832244
0.4599808 2.212478
0.2312862 2.266868
0.3462641 2.446717
0.6577947 3.38737
0.5181253 1.433131
0.4915167 3.306294
0.5074037 2.424772
0.5360982 2.302914
0.6461544 2.749148
0.6329748 2.620395
0.8014521 1.542042
0.580046 1.3294
0.650515 2.138075
0.7134189 2.134171
0.6640266 1.875288
0.7302652 3.159316
0.416357 4.048474
0.7292237 2.60316
0.6464776 3.648921
0.5016511 2.563207
0.4740625 2.540398
0.5474754 1.85042
0.7656316 2.670894
0.6466232 2.009513
0.8063908 1.864487
0.4956473 2.66374
0.6455522 2.379845
0.5633686 2.351703
0.5354315 1.905771
0.5818571 2.484753
0.627716 1.708738
0.5746963 2.667256
0.7466161 1.884756
0.6043552 2.606167
0.6299804 3.366505
0.6326125 2.675039
0.5630752 1.645092
0.5131545 1.962542
