1.600157
2.664506
1.295653
1.380596
3.124202
3.028114
1.565734
1.343247
9.291072
2.194682
1.675458
3.200553
1.68913
2.296795
2.627712
1.580753
2.157627
4.434683
0.8483005
3.949489
1.859466
2.377805
2.664106
5.020825
1.697421
1.403745
1.267567
1.257777
1.81672
4.492729
1.194539
2.111496
1.680441
1.42338
2.351354
1.70259
2.468336
1.844358
1.820993
1.714455
2.550611
4.284735
2.37786
3.242775
2.635958
2.417387
1.663855
1.686717
2.025588
2.313006
2.116554
2.301318
1.886058
2.601363
0.8613299
0.5851482
3.26563
2.326419
1.886621
1.493028
0.8673867
1.547651
5.319938
3.776768
3.008187
1.234946
4.135404
2.654406
7.000071
2.488661
2.286393
1.262843
5.002443
0.911124
2.850802
1.346312
2.209335
1.606619
1.604303
3.09833
1.422726
0.7212713
1.493896
1.788279
2.652252
3.21482
3.564578
3.683054
4.508897
2.379422
1.704295
1.485501
2.509405
2.817704
1.515225
2.003833
1.431717
1.398047
2.433697
1.640933
1.883362
5.186455
1.300096
1.213522
2.404258
2.539762
1.530382
3.773793
1.54818
1.427381
2.093802
2.719342
2.448097
3.268206
2.024888
1.376571
2.177714
5.781837
2.474231
4.134779
1.815807
3.561192
2.943587
1.727424
1.368514
2.258488
1.182694
1.153858
1.041818
2.199351
1.390645
0.9164126
2.455219
2.528477
0.8417948
2.928909
3.100416
1.055103
2.283675
1.414188
1.378603
3.930962
6.408451
2.952104
1.576438
1.39881
2.527327
1.189553
1.821883
0.9948498
2.008483
1.51602
1.638703
1.258583
4.992217
1.389448
2.652398
3.490616
4.65082
1.425194
1.608925
1.491791
1.249729
2.161681
3.743248
1.858743
1.001456
1.019521
1.87996
2.206026
1.616644
1.472422
2.155969
0.9921607
2.166376
2.167392
2.186385
2.678819
1.206357
4.084068
4.260226
1.712428
1.880613
3.866396
0.8369506
1.320884
1.918204
5.74993
3.867419
3.174763
1.76438
3.009863
0.7310881
2.038516
1.706947
2.527904
1.178747
1.193651
2.745558
1.721424
1.555721
1.693018
2.214262
3.858285
3.130571
1.414312
1.69581
2.765096
1.277668
2.112788
2.463339
2.185389
5.067647
2.095864
3.483219
2.975857
5.303039
1.420172
2.128299
1.993661
1.88843
3.365417
1.70093
3.21129
2.006779
3.093356
2.780123
3.207661
1.716268
2.067957
5.318243
1.157644
2.55019
3.06002
2.821528
1.47061
4.549259
2.056407
1.527069
2.133986
2.787701
3.698978
2.316891
1.823457
4.634414
5.104809
5.028633
0.9766844
3.690558
1.697314
3.936643
1.284002
1.668366
2.822839
1.413002
4.695187
1.801094
5.471604
3.325265
1.342239
10.59568
3.170679
1.262905
1.171664
3.239464
2.458794
1.117472
10.45841
1.620259
2.660342
7.747263
1.112242
2.069963
4.155908
1.142427
1.003235
2.40405
2.10939
1.894224
3.104313
5.275717
1.277017
4.290276
2.356839
1.116612
2.734137
2.778604
9.489576
1.284219
3.295885
2.162283
2.00871
2.867757
6.108813
6.02975
2.285154
6.472495
1.154435
1.789503
1.426839
1.636392
2.248476
3.642276
4.339271
1.097071
3.063391
1.072891
2.588096
5.628168
0.7747809
1.894784
5.053169
2.644236
2.455843
0.5866019
1.559446
1.288632
2.197021
3.759915
2.555139
1.673973
6.80015
7.216469
1.131167
1.203879
2.301184
1.03209
3.75261
3.027574
0.9932138
1.238971
1.917749
2.425072
4.097007
4.935709
1.397033
1.609187
2.259259
2.540303
3.499082
6.025634
2.205518
4.104645
1.0868
1.343988
4.871171
2.825314
1.176319
2.938256
5.306224
1.674166
1.840129
2.040988
1.675454
0.893458
4.347328
0.7251182
1.593929
3.350475
4.41076
6.150773
3.314561
1.795342
3.337181
1.751286
3.034159
5.195061
2.985526
2.65879
1.203113
1.596048
1.663576
1.066524
0.9393022
1.150865
2.252442
5.586389
2.081492
2.732113
1.101709
2.012439
1.573807
2.515425
3.836414
1.558451
1.624775
1.810749
2.267745
4.692062
3.577358
1.141831
2.316023
2.065689
2.732542
2.072147
1.671124
1.740738
1.601969
3.553887
3.398487
1.670572
3.357474
2.234232
0.6263795
1.179556
2.279138
1.340937
3.341659
1.458213
3.353793
5.145901
4.239915
2.376319
1.775027
2.197681
2.472699
3.264196
1.582009
2.91728
2.20833
2.34743
2.62553
1.153166
2.490813
2.542835
2.532638
2.119081
3.640338
2.658978
0.6800368
1.827779
1.135832
1.141326
1.741809
4.199877
1.231977
1.286242
1.48008
5.262694
5.406697
0.8303819
2.614028
2.321741
4.331526
1.834668
2.029157
0.846294
1.457129
2.819986
1.094824
1.09633
1.963336
7.070917
1.123414
0.8933102
2.729749
7.169805
1.341302
1.832084
7.813445
2.463432
3.372402
1.393598
0.616322
2.460228
3.091254
2.902542
1.987614
2.138818
1.966668
2.211686
1.230989
2.68454
2.049297
2.283455
1.489277
1.206147
3.024935
1.675907
5.595882
2.195113
1.113638
1.253363
2.229655
1.378968
1.902076
1.831286
2.194948
2.937677
1.530771
2.512353
2.352586
1.866352
1.136024
2.763705
2.546386
7.932793
2.587434
2.769745
1.98078
1.865509
2.964984
2.413113
2.267541
2.344642
1.429996
3.170297
1.973839
2.278487
1.676872
1.43786
2.812135
4.240148
4.215669
3.129188
3.609967
1.800142
1.406344
15.81927
1.212781
2.051802
1.657159
3.370026
13.11952
1.900598
1.364772
1.323752
6.472014
3.383217
1.041993
1.584115
1.254116
4.906229
1.811689
2.383298
2.682766
2.361972
3.302901
1.667572
1.4266
2.348566
2.40536
2.31576
2.421943
2.711958
1.610019
17.8931
2.806146
3.569032
5.044497
1.347436
2.367418
2.396271
10.60354
5.00298
3.924626
7.767711
5.832922
2.093738
4.144867
1.377332
1.639788
1.277048
1.521056
0.988372
2.96694
4.794248
2.851268
2.742066
4.333502
3.39772
1.543455
1.662121
1.796902
4.001547
1.82621
1.445165
1.185339
2.673134
2.845293
1.026485
2.462232
1.826848
1.995102
3.738952
6.614722
1.925009
2.314988
1.054101
2.275706
1.040234
2.496596
10.82351
2.45836
5.771276
1.755156
1.849382
4.400908
1.447234
4.120945
2.344692
4.661133
2.161103
2.051148
0.6633965
1.853785
0.9174308
1.823983
2.779305
0.8344497
1.993608
1.393675
3.17153
1.369374
1.9492
1.785636
6.121159
3.206802
2.704248
3.312284
1.148327
2.639158
2.655791
1.970323
5.112127
2.047552
1.664941
5.530276
4.041665
3.621596
0.9440997
1.876881
1.497684
1.938647
0.9874417
2.30247
0.5913005
1.933007
1.796776
3.295146
1.269866
3.492245
2.79162
0.8515365
2.376028
1.414272
2.604132
2.676664
4.288794
1.90801
2.103871
2.190019
0.8773727
2.627127
0.9021297
1.739827
3.785764
2.458117
1.308817
2.715335
2.926668
1.156909
1.006868
4.093187
1.425519
1.32765
1.316744
2.642555
3.129439
1.322515
1.727015
1.27905
2.412031
1.818859
1.408515
5.70424
2.84825
1.227505
2.81904
1.700551
3.211231
1.331357
2.379539
1.872329
0.7587954
2.063116
4.482262
2.77539
2.260098
1.376227
3.788761
1.639027
1.723419
0.9877708
3.229004
1.287873
1.360387
2.028618
2.037478
2.990326
3.668159
1.644788
1.093999
1.144842
1.819302
1.591986
1.083151
1.2696
3.59469
2.966517
1.026427
1.663409
3.021189
1.556993
0.9493067
2.30357
3.023565
6.766409
1.06748
1.371275
4.368392
3.359557
11.25464
6.813028
1.658858
1.694094
4.292244
2.588078
2.397343
10.01312
0.943495
1.149543
1.663482
2.479613
0.9426379
1.96601
2.389511
7.436186
1.135182
2.563291
6.590377
2.154531
4.446794
1.013171
1.0116
1.499755
4.892495
10.19456
3.407459
2.038395
2.488367
1.141701
2.129005
0.969065
2.476198
1.820582
1.398404
2.572606
1.664102
1.229446
1.515273
1.699028
1.39569
4.374166
1.98267
1.483095
1.191941
3.052782
1.562782
1.894421
1.711878
2.549588
1.476278
2.586731
0.701999
1.932052
1.423575
2.001797
1.927707
2.274272
2.102327
1.664987
2.307897
3.674813
5.370301
1.117568
3.655845
2.228696
0.7308696
1.948276
2.720095
1.20462
2.043547
0.9758105
5.32009
2.123233
4.526788
2.106805
2.003202
1.513411
1.828462
1.494269
1.621178
2.369086
1.956709
7.4447
1.487435
1.301192
1.597523
2.226028
1.541792
1.841525
1.768459
7.101537
0.9762715
3.735155
2.192875
1.375202
4.291271
2.362498
1.041388
2.124143
1.60488
2.447521
2.024196
3.227959
1.162995
3.317325
3.425181
4.001116
2.528547
2.133622
1.895259
3.57764
2.461919
2.052535
3.66685
1.441981
2.551421
6.694629
1.302183
1.759891
3.766158
1.029861
1.233748
1.74552
10.00131
1.130891
1.485639
3.22506
4.01468
4.194496
3.72527
1.367922
0.979293
2.848926
1.848058
1.865635
0.749008
1.807154
2.494293
0.9026764
1.300566
0.6992368
1.299184
3.384471
3.217225
1.138274
5.203147
1.459606
4.017036
2.641013
1.70474
1.679994
2.323379
1.648789
1.040357
1.613659
1.305945
1.913622
1.822062
0.745418
2.659475
1.584699
1.750385
2.571429
2.74226
4.947163
1.806231
1.649675
1.768324
1.864361
1.210194
1.344966
1.812252
2.611204
1.406238
1.356716
1.434451
2.572931
1.9362
1.361903
2.84048
3.184267
3.255888
2.200163
1.130282
2.23657
3.385696
3.867899
3.629056
1.743929
3.469766
1.294769
3.243161
1.240297
3.642457
1.228873
2.063659
1.613891
1.158116
1.858661
1.028377
2.352402
1.640889
4.11854
1.163587
1.559181
1.148584
1.887773
2.293163
1.63321
2.843363
1.190462
2.094284
1.391344
1.827743
4.846406
3.943577
1.264277
1.900547
3.109042
1.458895
1.634448
3.6838
2.022823
1.28544
1.427391
1.289584
3.357466
1.096618
0.9098427
3.38162
2.426667
1.457336
3.039565
5.189252
4.227987
1.509848
5.881453
2.407663
2.204502
2.915371
2.208907
3.151614
13.7158
3.12034
0.887187
1.624221
1.116904
1.795928
2.227646
4.024129
1.210612
5.291154
1.708461
1.687832
2.073063
2.787329
5.285611
1.435933
1.973016
2.329302
2.30802
1.813755
2.480512
3.211284
2.454281
3.911713
1.434045
1.833273
1.510877
2.853118
1.890233
3.469161
4.73461
1.825242
3.771437
2.71434
1.444312
1.473722
1.414996
2.387336
3.62112
1.947676
2.649265
1.890344
6.734054
2.238006
3.42393
2.859638
1.241267
4.41357
3.976323
1.464655
1.779618
4.067943
2.543186
1.505025
1.739945
1.028094
2.645783
1.815789
1.076218
4.272662
1.984959
3.245107
2.931198
3.179549
3.379143
1.729763
3.082141
1.197691
1.846219
1.358078
1.92745
2.038711
10.86545
5.296446
2.565429
2.15899
2.779488
1.51578
3.393987
4.124834
2.360247
1.431904
3.195683
1.004976
1.797817
5.194226
1.025404
3.018582
3.956061
2.853775
2.743606
1.120261
1.644307
0.7055302
1.545243
1.962776
1.557874
0.9725299
1.504888
1.072131
3.757014
1.808427
3.552559
1.06082
2.066475
0.95106
1.888149
2.459722
1.531546
1.577513
6.106818
3.102958
1.63012
2.791461
1.893964
2.709201
1.595652
3.399611
1.153695
3.961927
2.24587
2.761994
2.67704
1.5241
1.96756
3.092186
2.578084
3.847124
1.715854
2.712981
1.747808
1.374005
1.89989
3.450581
2.906309
0.8000635
1.265518
1.514648
3.423128
2.118719
1.120181
5.869364
1.679681
1.926711
1.934905
1.095586
6.325946
5.256861
1.519211
2.444361
1.482251
1.641781
1.918528
1.303076
2.576557
5.586576
2.546609
2.33038
2.702176
0.8758043
1.093533
1.679576
2.012613
1.092301
3.597198
1.841697
9.95003
1.759004
1.783418
2.443068
0.9052947
2.15901
1.823415
2.35089
3.793928
3.579653
2.200689
1.37569
1.662125
4.750691
2.730083
5.900004
1.371324
3.0988
3.376473
1.051662
1.411149
2.67887
1.424155
3.46827
1.778005
3.311989
1.576327
2.697864
2.504867
1.505121
2.139811
0.8071013
1.480525
1.428813
2.476231
1.947496
0.9112636
4.051842
6.618252
1.217662
1.836171
1.797837
3.31727
2.123124
2.087294
1.955707
1.45775
1.697445
1.360032
2.672792
3.325993
3.029787
1.759743
2.116559
1.414126
0.9542535
1.117377
2.069233
1.764888
2.630811
3.397232
1.286806
1.680442
1.567681
1.488876
3.249174
2.772669
1.570565
2.764763
2.783263
1.420883
2.382855
1.294229
3.4165
1.125484
4.205357
5.31462
1.7376
2.200887
0.9085865
2.647507
2.475391
5.370766
1.533857
1.694815
0.4751236
0.991023
2.287428
0.9896325
0.6444263
1.395101
0.9424727
2.233575
3.179533
1.860786
2.020161
2.735765
1.380803
2.109993
1.994968
2.518765
0.8632083
1.950236
1.790453
3.884537
2.996488
3.237536
1.655286
2.079503
1.508482
4.037551
2.119483
2.02886
2.022456
0.829254
0.9290204
4.841322
2.881613
4.568932
1.28359
0.9367889
2.32371
2.000031
1.582096
0.94726
2.453024
2.207761
1.723301
1.950045
1.524226
2.501187
1.620285
2.29787
0.9050383
1.078965
2.425181
3.55453
1.499843
1.055588
6.042181
2.933339
1.919769
1.647855
3.568983
1.570288
1.512953
1.549058
11.19085
1.637749
2.825006
3.190204
2.032678
5.264555
1.065681
1.755112
0.9425109
1.277118
1.985376
4.0077
3.085822
6.113162
2.284415
1.412976
1.58043
3.382871
0.9252627
1.198669
2.594844
0.8186724
2.119094
1.388359
3.508903
2.617687
2.638891
1.657727
0.8418894
3.14213
3.860971
2.635686
1.577348
1.926434
1.263498
2.387633
1.284986
2.003781
1.987296
1.596724
2.700805
2.278706
1.140987
1.431736
1.190274
1.733455
3.030845
1.61897
2.237342
3.883365
1.605532
2.857354
1.558834
1.199886
1.735299
2.4007
5.161537
1.364305
1.646066
1.38541
0.9046527
3.289346
2.347103
1.64877
1.690476
1.786587
1.776153
3.521966
1.942836
1.197263
3.477203
0.910591
3.846044
1.515654
2.380234
1.211249
0.6308188
5.18621
2.483632
1.749228
2.384358
3.759881
1.471273
1.101422
1.083401
3.208657
1.794295
4.640189
4.39776
2.643653
2.698976
11.82518
2.345758
2.506758
2.269323
0.9486848
2.967755
1.712786
1.585051
2.954337
1.719013
3.205292
0.9283734
1.169261
3.412104
2.053831
2.007484
1.922984
1.743675
4.892752
0.7849127
1.257271
0.7771623
2.639012
2.955653
1.968567
0.8536621
2.105214
8.521005
1.740915
1.515328
2.738649
4.393079
1.58448
2.982701
1.377558
2.42144
2.508763
2.619426
2.587004
1.120503
1.540449
3.488731
5.477649
1.852721
9.353053
2.875522
1.543762
1.057462
4.377027
2.478818
2.656846
2.29243
3.980467
1.233656
1.110078
0.8335491
1.197319
2.597907
3.08012
0.8470677
1.290491
1.435976
1.073005
2.378314
1.971201
2.983753
0.8662267
1.460218
2.418562
1.281895
10.11522
1.325786
1.213186
1.135526
0.7806865
3.61173
3.019132
1.395078
2.299013
1.486612
2.846484
1.530013
3.761524
1.546501
1.260905
2.945158
1.390489
1.811445
2.730147
2.323288
1.239017
1.478652
2.793695
3.106162
6.36528
1.823331
2.006392
3.844033
3.116645
6.840592
0.8392719
2.968244
1.51658
1.412028
1.774964
1.43994
4.230854
1.461504
1.901329
1.007982
1.4351
1.74504
2.644671
2.44211
2.027731
2.616087
0.7316561
0.9277216
3.208207
2.350419
1.518724
0.8526615
1.307403
2.483104
0.8869621
2.319201
8.584495
1.180898
7.962637
1.097017
8.16232
1.767086
1.303246
0.7607725
1.502821
1.441482
2.474567
2.044456
5.048528
1.413266
3.256476
2.422123
1.070808
1.119156
3.701722
1.844203
1.074498
0.9115941
1.865881
5.047539
3.417647
1.164903
2.288048
1.708443
2.864919
1.901462
0.9788523
1.447852
1.208871
3.477509
1.887025
2.291706
2.292349
1.328575
1.74214
3.157603
1.958137
6.718926
1.553918
4.191771
1.056958
2.919648
4.832158
2.351207
2.447884
1.351535
2.345181
3.36864
2.259005
4.529156
3.150829
2.317974
1.470785
2.006532
1.598956
0.9525104
3.674302
1.63416
3.325203
7.3351
2.288971
2.559749
1.246829
4.570304
2.753875
6.993559
2.441081
4.872896
2.887592
2.834538
3.347716
1.096333
9.467612
5.212911
3.808604
5.077624
4.075968
2.541953
2.913347
3.137036
3.039356
2.842689
2.190866
2.050466
1.507994
2.527422
4.85983
1.623654
5.742978
2.498539
8.093992
2.90506
3.677648
3.423382
5.428722
2.22297
20.10707
1.59235
2.563552
3.19652
2.647628
2.003585
3.734724
9.406084
3.732133
1.461313
4.795182
1.934821
4.445793
4.216168
5.886948
8.002389
3.500163
2.619406
8.885267
2.375139
3.784828
2.992459
1.740364
3.334686
1.126965
2.724507
2.201437
1.35692
1.65476
1.314988
2.864626
5.968366
4.391429
2.199084
4.681979
2.681172
10.20736
29.19773
6.464889
2.407914
5.90771
5.91366
1.922357
6.637299
2.280364
2.167902
4.485697
3.531476
4.363524
3.355171
2.788665
2.805339
1.680335
4.05785
1.743174
4.01402
2.746812
2.915062
2.016535
5.755325
4.631914
3.286622
4.943819
3.977093
1.799799
1.429576
14.79652
1.642471
2.041612
2.997031
3.088404
2.810107
4.60291
3.237156
5.432373
2.823885
4.705773
1.24668
2.866863
8.070397
4.495417
18.20333
5.044142
3.030024
3.542169
1.754026
4.614852
3.394836
4.473908
2.364716
3.611746
4.348019
5.12897
3.173105
1.330808
2.041304
2.92865
1.584057
4.930675
1.816874
3.863975
5.642162
2.629894
2.754886
3.407331
5.581888
3.077343
16.31495
2.803659
1.860091
2.74031
2.524515
3.652942
1.468136
2.945588
2.493288
1.736621
4.475301
2.615775
2.682797
3.128249
2.983422
1.658578
4.066983
2.778069
5.343784
2.130233
9.196911
3.071417
5.282804
6.713491
2.964218
3.808586
2.723021
4.928407
2.333257
6.828163
2.168773
2.337922
2.125883
2.115983
1.08429
3.095242
4.459799
1.605135
3.136859
1.243059
1.881435
2.680789
2.959733
3.493836
3.115665
5.091507
1.587077
3.141342
5.108379
4.930213
4.234614
3.822149
2.446368
2.594095
4.483046
4.012751
3.327679
4.520009
3.620784
1.998323
6.02033
5.806266
2.981051
2.98242
2.859515
2.880264
4.359498
4.723383
1.969442
4.082685
1.810321
1.745792
3.617318
1.253129
4.254868
2.130893
5.547422
1.656507
4.560222
3.018082
3.983274
1.201036
1.328865
3.083349
3.518212
3.789837
2.061223
4.376275
3.959686
1.657976
2.113221
2.248558
4.093608
4.106844
1.64035
1.508125
1.64315
1.545696
1.322887
1.363464
1.971671
1.272422
1.034046
5.363879
1.501075
1.873701
7.384425
2.795067
2.169907
1.550245
1.002304
2.677657
0.9916875
7.152805
4.124152
3.710296
1.967131
1.054568
1.47081
3.39223
1.729404
1.545587
2.308705
4.415497
2.649032
2.121141
3.461825
3.558476
2.710382
3.008962
2.194676
1.879593
4.293794
0.5606851
1.730766
1.530055
1.307783
2.103751
0.7705699
2.066186
4.418009
5.845822
1.564537
4.065336
3.092851
3.253275
1.738448
1.693779
1.316328
1.314207
1.6909
1.183865
0.7744569
1.40927
3.456569
2.965831
4.003125
2.064867
1.21312
3.55097
1.110885
1.478321
3.617164
1.649269
3.578614
1.953106
1.323783
1.695918
4.007945
3.989834
0.935243
1.929692
1.076156
1.279136
5.698066
3.168614
1.074992
2.681916
1.808195
1.897868
2.436248
2.421272
2.070779
2.500749
1.2242
1.101197
1.210068
2.32767
2.228804
1.880181
0.899282
2.443039
2.249682
2.049083
1.989122
4.002919
1.373497
1.331156
4.392505
1.578407
4.670009
3.917556
3.53385
1.203022
2.386465
1.27264
7.40296
2.72209
3.162155
2.864937
2.027073
1.073186
2.111361
1.426979
2.334846
1.437011
2.266213
1.344796
1.402709
2.348248
2.64352
2.959849
1.824734
1.112078
2.30766
1.53199
4.265022
1.543363
1.796909
1.260814
2.329941
1.962542
1.175921
1.514683
2.721734
1.954168
1.375736
2.013963
0.9416973
1.467575
1.205252
2.107408
2.925202
2.089465
1.942543
2.462528
1.262163
2.037734
1.365608
4.151285
1.226053
1.670705
3.639098
2.760464
1.819828
1.401684
1.542142
1.522219
2.617726
3.699883
1.417057
4.35289
2.224374
1.612606
1.234508
0.592375
2.078791
2.187056
0.8168614
2.136236
1.492686
1.366003
0.775947
2.672047
1.114469
3.453946
1.38032
0.8989851
1.239864
3.736483
1.210952
1.375922
4.633508
1.269047
1.636817
1.334785
1.945254
2.023422
2.257217
1.952388
2.140571
2.892724
1.579677
2.727278
3.130347
2.772809
2.825503
1.885221
1.903643
2.910603
2.112303
1.393381
1.438349
3.037919
2.878521
1.392586
3.295578
1.949601
2.310129
2.857793
2.273583
0.6923529
2.135937
3.435368
2.319382
5.67992
3.194787
3.998955
4.530618
1.019966
6.047227
2.740901
2.263675
3.61302
3.918326
1.506565
1.512586
4.175267
1.666083
2.377876
3.406685
3.560678
3.238686
4.274576
1.563785
2.937438
4.001812
1.442178
4.549863
1.603647
2.348621
2.048927
1.915221
1.424717
2.128756
4.301632
1.081381
1.665627
2.945355
2.364922
2.6876
2.098812
2.034605
1.373442
3.001864
2.198545
1.219818
1.583587
2.848892
3.38435
2.180327
3.897496
12.37228
3.577063
9.917786
0.8292924
4.69283
3.061382
1.222701
2.290904
1.491017
1.292545
1.630604
1.029777
3.363806
7.968427
4.737851
2.825705
2.409755
3.5277
1.318832
1.317156
1.396405
2.249602
1.431769
2.595135
2.669125
1.955265
3.702997
1.480616
1.069013
1.547347
4.779313
2.562515
1.264753
2.701278
3.171354
9.790768
2.073977
4.16706
1.557452
2.053378
2.085627
1.487247
1.672101
2.55277
3.534557
7.822328
1.431857
1.352485
1.688497
1.81163
4.436237
2.017844
4.638222
2.269337
7.778416
1.865675
2.054989
3.613699
2.536729
1.679023
1.427018
1.219768
0.7662685
1.711335
1.858879
1.485941
0.4767723
1.033052
2.271605
2.522864
6.849797
1.710107
2.43865
0.9980853
1.960277
1.498519
2.489332
1.251262
2.354779
1.856397
1.047419
2.860072
1.843054
3.726164
3.616252
1.743418
1.70296
2.092889
2.163295
3.711042
1.244621
3.493385
1.535506
2.581605
1.948366
2.254323
1.75441
4.585136
0.9875653
2.136403
1.9128
1.505937
1.550224
0.9185228
3.904796
0.8612349
1.701701
2.545902
2.038234
1.184089
3.420856
1.686321
1.969551
1.490955
1.36015
1.49288
1.055176
1.076241
1.825622
3.488453
1.829741
2.032176
3.137641
1.232425
2.249771
1.456132
1.252527
1.401391
1.746224
0.8153138
1.819998
1.307104
1.53004
1.455046
1.659041
2.502984
1.361829
2.475444
1.813663
3.219773
5.045305
1.959968
7.346251
2.435978
2.672942
1.676108
1.335271
2.093873
1.714616
2.407018
2.588961
2.81579
1.951779
3.577689
2.538755
2.198199
4.01118
2.493433
4.636583
3.171524
1.771113
2.456444
1.041469
2.964226
0.877671
3.547974
1.82425
2.513114
2.451473
3.060678
3.632313
1.462878
4.431515
1.343588
1.334675
3.143589
1.693716
6.791209
1.767204
7.524809
2.573221
1.869099
5.678509
1.544903
2.438134
3.148037
1.630918
1.033073
2.555949
2.075312
8.595614
1.629993
1.043641
1.086995
5.407279
1.73173
5.255645
2.849499
1.869801
2.063747
2.319516
2.687805
2.498608
2.2788
1.3492
3.266243
1.838998
2.597356
2.890901
2.381869
2.333674
1.492082
2.02046
4.888279
0.9245178
4.97377
0.94649
2.666606
2.746222
1.03712
2.143876
2.124816
1.958073
1.495313
3.099135
12.25466
1.486073
1.356927
3.091817
2.384651
1.891566
6.969452
1.231848
2.385515
2.979401
1.123331
1.620606
1.563174
4.351404
2.149503
2.904106
4.427963
1.720832
2.103652
3.509099
1.237907
1.163891
1.662181
1.344083
1.894627
1.333646
1.200079
4.766737
2.725044
2.210282
6.725492
2.348376
3.265377
1.394474
1.399474
1.589684
3.586375
2.374737
1.738775
3.55172
2.200724
2.031061
1.666698
1.610028
1.218463
1.676754
2.848413
2.187706
2.205709
1.011254
1.264355
1.328038
1.122537
0.9941383
5.004804
1.967169
1.254261
1.41208
1.872472
2.286419
2.538348
3.28821
5.371161
1.827605
1.711095
1.744301
0.9780761
3.576146
2.996474
2.155542
1.130649
1.721353
1.714731
3.128804
4.054406
2.421331
2.038088
2.183932
2.636304
1.571591
3.084314
2.273263
3.080987
1.564853
1.834399
2.709061
2.786488
2.409032
3.649898
1.748548
5.015057
8.562548
2.440949
2.431686
4.689028
4.093813
1.516114
3.853742
1.169135
5.54089
2.763947
2.294641
1.593059
2.409167
4.470925
2.102901
5.318783
3.560744
2.582776
2.500435
2.629718
9.236885
0.8108223
2.749557
3.884415
2.232212
1.146625
1.962132
1.115433
1.309188
1.557172
1.90239
2.588826
1.065406
2.600477
1.984762
2.752598
7.20002
1.322983
2.555881
1.026855
2.469075
3.430218
1.099938
2.915143
2.073228
2.01502
1.242801
3.347962
2.872073
2.463509
2.762899
7.338506
1.7239
1.267862
3.320509
4.23441
4.701615
4.575241
3.27592
2.345623
2.315991
5.794033
11.05504
2.582594
1.611779
4.491974
1.79741
4.429423
2.052711
0.967265
1.644058
3.756402
2.459457
1.930825
1.684801
1.144705
1.66003
1.94653
8.653999
3.506571
1.545566
5.777187
1.760334
2.276392
4.719024
3.21556
1.026922
1.65033
2.77152
2.488521
2.96198
2.016769
1.475574
1.22723
1.99566
2.295978
4.611286
2.530499
6.596238
4.91193
1.613951
2.877113
1.846604
6.526621
1.601491
1.689626
2.350569
2.598805
2.54475
2.783587
0.736172
1.999898
2.216856
3.827262
2.647583
1.179579
5.247058
6.058664
2.156945
2.081094
1.947544
5.604026
10.40165
3.222195
1.378667
3.545843
1.589405
4.446357
1.700099
2.457442
3.637017
2.328355
1.321721
3.618102
2.2591
1.105539
4.200449
1.229172
1.543016
1.563941
2.377462
1.613332
7.5956
3.691287
3.111686
1.34839
2.962949
2.026694
1.932331
1.124344
4.06388
2.023436
2.303457
3.042812
1.978873
2.161119
5.717232
3.825983
1.724751
1.518932
1.607939
3.103978
2.322554
0.8876283
0.9827648
3.622056
2.205089
3.005166
5.827319
1.189551
1.417306
2.622139
2.823859
3.004666
2.230917
1.662246
3.223311
1.962695
1.547854
1.243948
4.739491
2.979797
1.98995
3.00341
2.735848
1.12694
1.814888
1.169196
4.093484
2.339632
2.349935
2.082196
2.998662
2.001038
5.19686
1.795423
1.362352
2.245648
2.808093
2.643718
2.191499
1.459323
5.379134
1.606816
2.808113
1.091099
3.172075
4.712895
0.6540701
1.193575
2.947631
2.2017
1.666719
1.550211
1.763624
1.004873
5.0865
4.091659
3.428606
0.8588881
0.7041695
2.10078
1.841528
2.087843
3.321184
1.946743
1.853023
1.872254
2.416971
4.672623
2.651306
4.954325
6.103096
1.876419
1.123994
1.836027
2.762072
2.027389
2.173941
0.9384108
5.303622
1.387442
2.52414
3.162353
1.344824
1.581659
2.657098
1.245215
2.004353
7.9836
3.635708
6.258496
3.097575
1.446309
2.222922
1.805264
1.953807
1.242221
1.49168
5.286105
1.328483
2.634884
3.417129
3.202478
3.006162
3.208979
2.337366
1.754447
1.656735
3.198919
4.274093
0.9735535
1.119076
1.573289
2.40218
5.433923
3.896172
0.8935132
2.465236
1.089731
1.214723
1.384317
2.555452
2.281582
2.165198
1.319259
2.012758
2.791336
1.182473
2.290018
1.579865
1.237679
2.324254
3.097743
2.222201
5.032878
1.287253
0.8691012
4.573136
5.474832
1.489352
1.053392
1.667395
3.063661
2.336393
2.201482
1.62789
1.035026
1.526292
4.291137
3.616881
1.242397
2.183593
1.375605
3.601916
3.461604
1.327046
2.461752
2.184569
0.9015943
6.975623
1.070084
2.45148
4.578477
1.540921
1.215737
2.834291
3.989027
1.543046
2.392714
1.958503
1.392551
1.590109
2.359719
1.608269
1.363571
1.283029
6.78796
2.048508
2.035679
1.695131
1.549456
2.570351
3.424925
1.562127
1.951374
4.520876
2.419393
1.962539
1.762546
1.140988
3.975313
2.263193
1.42477
1.75702
2.965338
1.866329
1.388225
3.479783
4.073846
2.212049
1.483755
2.678084
3.56607
2.182655
2.958391
4.873405
2.488845
3.562347
2.434859
5.753823
1.614061
4.273743
6.497851
1.709301
1.596315
3.467774
5.117378
5.699798
6.550214
4.318175
6.098007
1.96826
1.141315
2.365375
4.017687
3.012664
2.185044
3.153725
1.870142
2.156929
2.447111
5.498224
4.619757
2.5017
2.391433
1.816416
1.776174
3.072962
7.327673
2.28212
2.525134
3.774051
1.756098
2.400403
2.00157
2.584801
7.591459
1.611221
3.728284
2.473598
2.219128
1.178546
2.432774
5.801193
2.291434
2.278727
2.586205
2.961361
5.161061
1.412897
2.095321
3.332806
3.853896
2.363582
3.262689
1.723185
2.596303
5.011841
2.644056
5.028176
5.793576
2.481766
2.258181
2.125667
2.317402
2.583681
1.457383
3.293842
1.736351
2.676431
5.607603
3.507749
2.546302
1.771449
1.779499
2.616911
2.793915
10.13515
1.765018
0.9200713
0.5819443
1.487779
2.462205
2.384503
1.37547
2.469278
1.306458
2.88852
4.068446
1.078598
0.9364497
2.143128
0.9461759
8.763909
1.319164
2.146443
4.36261
1.66396
1.682115
5.80885
1.292562
2.321656
2.019224
1.34319
2.120792
1.318853
2.121311
3.067415
4.138969
8.875311
2.080134
1.162871
2.220754
3.477029
1.513033
1.692581
0.6537269
1.240763
1.559766
2.362097
5.042883
5.556007
6.598497
4.078657
1.33795
5.732184
1.509774
1.515013
2.957313
3.424765
4.166809
2.279923
0.6434605
2.944916
2.249709
2.664549
1.737095
2.567339
1.130772
1.447671
2.042786
2.636672
2.258536
4.353393
2.019401
2.888813
1.696812
1.486593
2.967938
2.250279
0.9754522
2.216418
2.174062
1.14094
1.085123
1.748215
3.977307
1.975041
2.756543
6.827781
4.670839
1.524217
3.514788
3.493817
2.695255
1.909699
2.371229
2.812626
1.698988
2.688387
3.138047
2.848134
5.64247
1.160232
2.870919
4.548912
2.196734
2.591234
1.119478
2.991491
4.977193
3.63692
1.372231
0.9904819
2.202589
6.226338
0.9032101
1.454891
2.865648
2.814553
2.150068
0.8394824
1.429185
2.130947
3.467851
3.435985
1.959628
1.713698
1.614966
1.911532
1.965618
1.734692
2.523508
2.383489
0.9677683
0.9287921
0.7327197
1.303285
1.53201
1.188073
2.300691
1.490733
4.323024
2.921642
0.6370056
1.412326
1.425813
1.933826
2.646303
2.552821
2.384178
3.43233
1.074819
7.950778
1.763686
1.984927
1.186815
2.526643
1.062664
1.227909
2.408701
1.695646
3.334934
1.271188
5.286061
1.137437
2.397883
3.01575
2.979171
0.6935202
2.727564
3.379415
1.563589
3.321766
1.708101
2.040331
2.905518
3.433618
1.43258
