
0.02743121
-0.1369538
-0.1134571
0.1140311
0.1646209
0.1264867
0.4874922
0.1888672
0.3207001
0.3200125
0.3151056
0.3587505
0.4919483
0.4003763
0.456531
0.5975893
0.5960601
0.6108108
0.3793878
0.4589715
0.3571353
0.2347396
0.2095563
0.2387713
0.1863688
0.06978024
0.06005357
0.05754557
0.2274536
0.2465098
0.257417
0.3121
0.5421875
0.5367695
0.6038202
0.5020143
0.5403606
0.4185296
0.4664811
0.5723934
0.7093795
0.8450599
0.9286906
0.8142511
0.7523578
0.754223
0.8283611
0.7449119
0.6676925
0.5757506
0.6330489
0.6577357
0.5957569
0.5334399
0.55379
0.5565615
0.5356629
0.7075755
0.6289276
0.6216358
0.9165646
1.076461
1.171274
1.027351
1.003037
0.8833042
0.8499325
0.9037497
1.072611
1.047446
1.082784
0.918988
1.045399
0.981982
1.034241
0.8809058
0.8763831
1.028442
1.248018
0.9748082
1.16856
1.304615
1.279056
1.473613
1.264336
1.276791
1.312679
1.27401
1.428355
1.387458
1.283732
1.359669
1.276711
1.169296
1.177145
1.247941
1.191302
1.113154
1.121463
1.145909
1.227914
1.031379
1.012181
1.037009
1.264331
1.256725
1.366136
1.277036
1.381072
1.26267
1.345441
1.355532
1.313734
1.312147
1.229198
1.066895
0.9798015
0.9202283
1.13357
1.113587
1.093573
1.274856
1.383731
1.381958
1.523528
1.57368
1.687291
1.765552
1.633788
1.587224
1.332746
1.319314
1.429835
1.249316
1.196484
1.112208
1.028061
0.8549973
0.6892829
0.7356881
0.6913127
0.8211038
0.6867839
0.6909778
0.7342652
0.674713
0.6030079
0.6601204
0.5242818
0.724904
0.779127
0.8779366
0.9572917
0.9288939
1.037518
0.9976836
0.9896372
0.7893716
0.8143936
0.994138
1.062036
1.029388
0.9197876
0.888776
0.9896883
1.057324
0.9422869
0.8919588
0.9116917
0.8722728
0.8212359
0.9021246
1.025324
1.002694
0.9296905
0.9999144
0.9720876
0.8674428
1.028922
1.0362
0.9679736
1.110102
1.222449
1.243944
1.076155
1.022709
1.041694
0.9620345
1.060482
1.218153
1.440171
1.533113
1.609371
1.521022
1.527436
1.511411
1.477151
1.415214
1.643021
1.633756
1.532593
1.484423
1.697834
1.6265
1.483108
1.516995
1.422498
1.408675
1.526146
1.571943
1.448379
1.462378
1.416875
1.487466
1.560848
1.571576
1.632942
1.629148
1.570847
1.697009
1.478782
1.611319
1.816653
1.529748
1.584116
1.500975
1.523362
1.586223
1.615707
1.378718
1.40123
1.532434
1.425535
1.522787
1.329956
1.216352
1.103236
1.008851
1.206288
1.179975
1.112305
1.240314
1.291778
1.497886
1.360325
1.227719
1.122949
1.110637
1.233101
1.226214
1.070538
1.015746
1.114574
1.248569
1.280265
1.246991
1.236721
1.395805
1.400481
1.367492
1.389341
1.316506
1.317005
1.321497
1.310176
1.528078
1.585257
1.483861
1.564797
1.684975
1.801544
1.73702
1.786633
1.750367
1.821113
2.016915
2.046488
2.053638
2.271368
2.164185
2.266302
2.249029
2.310328
2.218289
2.129946
2.238258
2.403091
2.301623
2.263419
2.305337
2.406489
2.491569
2.653211
2.635052
2.53991
2.59199
2.630852
2.88234
2.84869
2.788225
2.758123
2.875928
2.867494
2.756059
2.713184
2.669135
2.628556
2.618617
2.671853
2.618999
2.638762
2.637027
2.761617
2.84496
2.701491
2.809192
2.79045
2.904729
2.959663
2.864592
2.982301
2.95073
2.886122
3.067556
3.102205
3.088484
3.149264
2.948218
2.929546
2.891922
2.80427
2.935536
2.875038
2.946243
3.02163
3.073459
2.908826
2.688986
2.648571
2.759029
2.831097
2.824189
2.904707
2.968767
2.97059
3.199851
3.200608
3.348991
3.384207
3.436326
3.469858
3.346025
3.26786
3.410396
3.464525
3.579177
3.606679
3.436696
3.635425
3.495901
3.442591
3.287017
3.352028
3.269339
3.119872
2.966456
3.033978
2.977414
2.908719
2.871262
2.666284
2.805923
2.671949
2.697489
2.515231
2.316667
2.315515
2.282528
2.289121
2.407392
2.49072
2.654557
2.495005
2.528235
2.520481
2.403067
2.627446
2.693903
2.766943
2.931625
2.900153
2.709036
2.802176
2.584052
2.482916
2.389504
2.357427
2.414841
2.249309
2.382184
2.495813
2.509269
2.31882
2.521216
2.65344
2.697906
2.595652
2.723931
2.633758
2.713473
2.806072
2.9137
2.70868
2.642017
2.767754
2.731833
2.653016
2.50209
2.501989
2.429452
2.522912
2.640117
2.947285
2.831415
2.979588
3.09691
2.979105
2.9215
2.832354
2.678045
2.710258
2.549256
2.622866
2.517224
2.532235
2.503026
2.599352
2.581567
2.431491
2.612597
2.533735
2.369814
2.368605
2.584064
2.674195
2.65659
2.627678
2.777541
2.901748
2.808563
2.892683
2.765204
2.665413
2.690712
2.738846
2.882457
2.742488
2.768898
2.972441
2.992522
3.122275
3.284646
3.331307
3.300409
3.494859
3.511286
3.780892
3.929351
4.027895
3.894185
3.949261
3.703822
3.626948
3.756035
3.670363
3.710237
3.460398
3.400947
3.394979
3.279415
3.43522
3.657029
3.735986
3.678769
3.653903
3.506909
3.510848
3.431898
3.386148
3.365779
3.610959
3.744713
3.728261
3.607032
3.653874
3.714318
3.664017
3.591992
3.60752
3.716695
3.780007
3.579617
3.490932
3.401305
3.245852
3.163669
2.972172
2.983777
2.931649
2.900634
2.859475
2.694767
2.686592
2.699727
2.591813
2.655414
2.769825
2.850453
2.668473
2.720303
2.73379
2.879404
2.768095
2.638996
2.668709
2.660849
2.610804
2.604608
2.544052
2.4805
2.520916
2.616919
2.673158
2.819678
2.80785
2.733174
2.608653
2.666642
2.714099
2.816724
2.72526
2.716565
2.737472
2.712084
2.522035
2.506778
2.516396
2.591797
2.763277
2.727722
2.808372
2.968874
2.945338
3.03416
3.033098
3.123801
3.013888
2.951318
3.015519
3.050598
2.932143
2.946126
2.96065
2.9687
2.964054
2.949467
2.922227
2.876872
2.704378
2.871024
2.882829
3.042671
3.09271
3.002433
2.851179
2.850215
2.844237
2.883767
2.88637
2.794867
3.106829
3.343621
3.198422
3.145481
3.176731
3.14492
2.997339
3.059037
2.96253
2.863195
2.828196
2.735258
2.613383
2.70503
2.794148
2.679478
2.670894
2.653714
2.648327
2.631723
2.527035
2.548889
2.466308
2.530955
2.666501
2.622583
2.729984
2.587123
2.411472
2.71056
2.689857
2.668951
2.520359
2.547159
2.365646
2.25935
2.138502
1.949219
1.898298
1.782575
1.857761
1.727435
1.623528
1.503454
1.517845
1.548858
1.499543
1.344579
1.340012
1.425546
1.426022
1.59308
1.587885
1.60453
1.637616
1.688568
1.765482
1.822857
1.73384
1.59706
1.451737
1.442817
1.283939
1.37629
1.287888
1.264488
1.238919
1.130875
1.116602
1.067861
0.8057598
0.6300477
0.4859349
0.5317062
0.5723723
0.717837
0.6418313
0.6207723
0.6666264
0.6694839
0.4388817
0.4912635
0.4321649
0.393088
0.440243
0.5609365
0.5032218
0.583573
0.523455
0.6409876
0.6391476
0.7062104
0.4906025
0.4767519
0.492161
0.5327289
0.5087288
0.6390088
0.5970024
0.4578064
0.4868442
0.5828066
0.5194073
0.6131086
0.5780368
0.4561083
0.3696818
0.3477793
0.4804665
0.673742
0.764007
0.6608719
0.7428606
0.6516802
0.6088358
0.7885402
0.7978111
0.8404037
1.060612
1.161858
1.145379
1.293699
1.427044
1.546163
1.680569
1.573047
1.713891
1.608987
1.626124
1.634359
1.692217
1.591381
1.510923
1.291154
1.010513
0.8383532
1.022464
0.9712244
0.8691112
0.9593728
1.04765
1.35244
1.16996
1.373525
1.275152
1.059173
0.8846869
0.7698268
0.7550215
0.8195523
0.8696398
0.812588
0.5496621
0.5376854
0.5534797
0.5037973
0.4156687
0.4186149
0.4093158
0.4152353
0.3292916
0.4609586
0.4127531
0.4091266
0.5316567
0.3450188
0.4348856
0.4967675
0.7131522
0.6484087
0.5856867
0.5425233
0.8284334
0.9640686
0.9176171
0.7519402
0.6492903
0.5821726
0.5102857
0.5993255
0.5678466
0.4303891
0.4373628
0.3893137
0.3058237
0.3648327
0.4626905
0.2716858
0.220447
0.4126102
0.2515491
0.1384295
0.08560903
0.001747098
0.06445351
-0.05215596
-0.07898633
-0.04845952
-0.1389147
0.06051551
0.119233
0.05642106
0.09230134
0.4385285
0.365333
0.4503274
0.3642287
0.5213495
0.333286
0.3764712
0.2908814
0.2889818
0.4955086
0.5962242
0.7912344
0.9327363
0.785034
0.8227886
0.7507946
0.9926695
0.8895337
0.814717
0.9102445
0.9338696
1.120625
1.073511
0.925533
0.9486598
0.998015
0.9281318
0.9034061
0.8817926
0.8054225
0.7741671
0.7651039
0.7909979
0.713945
0.6856716
0.6542038
0.7103981
0.7187104
0.8229552
0.8584802
0.779005
0.6087116
0.4989207
0.455664
0.436752
0.2391121
0.2436992
0.2734754
0.4231971
0.5143262
0.4095574
0.4663718
0.4971397
0.4705031
0.4965166
0.3867601
0.4969853
0.5214343
0.4960351
0.5522382
0.5150549
0.4911532
0.4014357
0.6039972
0.5825199
0.6236533
0.7119152
0.7537641
0.6881984
0.751216
0.7219543
0.7796887
0.5831433
0.4604007
0.3211227
0.1825185
0.0801685
0.1332959
-0.03773999
-0.07010771
-0.2104557
-0.1859969
-0.159319
-0.1304905
0.01136043
0.07074378
0.1272738
0.2347452
0.3654441
0.4875292
0.611803
0.5558337
0.3978193
0.3130732
0.2818266
0.3439991
0.2648465
0.3111067
0.320748
0.2257396
0.4017088
0.6032226
0.5285516
0.4925565
0.4438657
0.3662164
0.2288646
0.1226066
0.3215355
0.6253157
0.7865594
0.8576419
1.050299
0.9218105
0.8885304
0.6222733
0.6550452
0.4478916
0.4525301
0.3125448
0.3593828
0.2083411
0.1976145
0.1718738
0.007577656
0.1719653
0.03238218
-0.08506197
0.0660229
0.1696976
0.1829588
0.2031145
0.2043936
0.1168495
0.05258736
0.2320546
0.2879494
0.2525899
0.2676961
0.2941377
0.3291403
0.3259574
0.3331648
0.3120497
0.2197495
0.3546204
0.3638084
0.4731904
0.525377
0.4323453
0.3801161
0.6011513
0.5431512
0.58955
0.5702223
0.499859
0.3690627
0.52255
0.5782735
0.4808146
0.5778278
0.717232
0.6551711
0.6389881
0.7774486
0.8537048
1.044264
0.9081561
0.8091715
0.9127694
1.097893
0.9950061
1.232637
1.108326
1.053488
1.153875
1.090682
0.9122509
0.8123967
0.7674329
0.6729825
0.5498477
0.4153985
0.4567817
0.4202689
0.3593625
0.2629312
0.2795784
0.3538584
0.4306575
0.4924985
0.4330533
0.390027
0.3108162
0.2936206
0.01555132
0.1128245
0.06409288
0.07921423
-0.03875469
0.251881
0.191643
0.04915887
0.2048543
0.07318867
0.2072695
0.4187279
0.463764
0.3656477
0.518461
0.3365392
0.3148041
0.4273612
0.2907855
0.2106894
0.2159298
0.3151892
0.1158782
-0.05838097
-0.2092287
-0.3229305
-0.3296752
-0.4326242
-0.5041739
-0.3729834
-0.385246
-0.4045824
-0.4003613
-0.3556372
-0.4617167
-0.184912
-0.1520655
-0.01324669
0.1606557
0.2136552
0.1870274
0.1844308
0.1640789
0.1221031
0.181529
0.1323821
0.04106908
0.08371216
-0.05184424
-0.03424415
-0.1415825
-0.1370254
-0.07730223
-0.03343232
-0.03721201
-0.002112062
0.07831219
0.09424526
0.2444151
0.3442583
0.3264698
0.3492706
0.4116921
0.4338512
0.6835057
0.6748416
0.548866
0.351962
0.1160269
0.3411604
0.3631385
0.3917312
0.1614681
0.1086413
0.1180771
0.1729019
0.3115682
0.248364
0.3113048
0.2505116
0.4163585
0.337923
0.4389358
0.6672824
0.6745759
0.6651204
0.543845
0.5789529
0.7557457
0.6684803
0.4052901
0.4674814
0.3050373
0.2363162
0.266669
0.2422412
0.3035869
0.4692074
0.5455158
0.1885016
0.0007682115
0.07082591
0.02953047
0.3098264
0.3189308
0.4845345
0.2889289
0.183396
-0.1194878
-0.2341763
-0.09171525
-0.2236034
-0.2150482
-0.3091256
-0.3283818
-0.505575
-0.3124937
-0.3407706
-0.2897574
-0.3450728
-0.4139277
-0.3555654
-0.3096405
-0.2976519
-0.3329215
-0.3483633
-0.4353416
-0.5419684
-0.5158011
-0.640911
-0.6841294
-0.7985309
-0.8092077
-0.8053471
-1.202736
-1.208369
-1.228151
-1.177366
-1.16529
-1.275178
-1.164375
-0.959885
-0.8708957
-0.9429964
-1.047689
-1.15502
-1.118055
-1.276674
-1.390741
-1.452705
-1.373727
-1.385789
-1.375331
-1.328506
-1.349672
-1.433225
-1.300963
-1.514674
-1.547145
-1.525675
-1.563093
-1.636365
-1.488035
-1.609005
-1.645299
-1.624525
-1.422467
-1.358494
-1.484874
-1.427279
-1.48747
-1.543737
-1.567614
-1.540459
-1.609149
-1.659123
-1.83666
-1.720736
-1.643327
-1.523275
-1.75825
-1.637498
-1.687254
-1.67272
-1.614286
-1.60508
-1.677815
-1.550716
-1.437375
-1.460236
-1.336939
-1.422707
-1.257321
-1.279895
-1.484466
-1.544442
-1.684793
-1.667793
-1.783708
-1.724173
-1.819441
-1.86897
-1.903391
-1.985424
-1.847043
-2.125493
-1.957392
-1.902966
-1.993327
-2.045044
-1.867427
-1.759951
-1.730872
-1.677275
-1.691681
-1.574138
-1.41572
-1.434436
-1.223848
-1.11664
-1.197017
-1.215452
-1.246923
-1.27225
-1.442579
-1.624737
-1.655702
-1.625231
-1.559781
-1.518184
-1.658524
-1.630473
-1.568321
-1.463767
-1.551259
-1.353621
-1.525711
-1.293181
-1.31502
-1.350207
-1.202247
-1.045406
-1.082805
-1.06389
-0.8728704
-0.9195552
-0.8896462
-0.759796
-0.6028933
-0.6014243
-0.6106483
-0.6080951
-0.6186791
-0.6504907
-0.4955708
-0.354516
-0.5904671
-0.4336616
-0.2520458
-0.155241
-0.1290237
-0.1519804
0.01784273
0.07528877
0.1353313
0.3742529
0.2754153
0.1219429
-0.05955422
0.006744408
-0.07659367
-0.04220538
-0.184022
-0.1866051
0.007284211
0.181869
0.06202794
0.1069587
0.09318218
0.1665954
0.1569401
-0.03703581
-0.1833791
-0.1803446
-0.2119467
-0.2125098
-0.1931876
-0.1398173
-0.0825254
-0.08370868
-0.0395434
-0.1353568
-0.1060785
-0.1496463
-0.1181732
-0.1624255
-0.1425569
-0.02228254
0.02584208
0.2382922
0.2121053
0.1478408
0.1408239
0.3618459
0.1903064
0.1445008
0.04966425
-0.01954685
-0.02685881
-0.2285071
-0.2572773
-0.1927058
-0.1907391
-0.1163966
0.02389207
0.002269553
0.1512097
0.248022
0.176102
0.1357175
0.04770012
0.1514931
0.1969235
0.1414519
0.2302078
0.1754157
0.2008047
0.1372263
0.1746337
0.2955731
0.2141852
0.5079172
0.3984948
0.2985594
0.425109
0.5081799
0.4781145
0.2630772
0.3260772
0.1773961
0.2601085
0.1684294
0.1929548
0.1305966
0.1662256
0.2253744
0.07804315
0.06636396
0.05165281
0.04306835
0.138956
0.09587288
0.1873495
0.2551734
0.2810244
0.2151686
0.1383376
0.1014367
0.1582106
0.2092758
0.3415791
0.2760301
0.2714865
0.4585061
0.5359142
0.5344565
0.6407801
0.63352
0.6492798
0.7405316
0.4435023
0.566093
0.5982933
0.6211744
0.64555
0.5620241
0.5545485
0.5438055
0.5621878
0.6381223
0.666076
0.6183159
0.7775732
0.6132154
0.686651
0.5570775
0.604588
0.4101454
0.1938223
0.1790798
0.07258001
0.1295046
0.2433489
0.08340796
0.1319598
0.3017933
0.3276095
0.2524157
0.3730874
0.2540847
0.05490235
-0.06650157
0.06695911
0.01583097
-0.1047185
-0.01137106
-0.06772985
-0.08246801
-0.06613111
-0.2302396
-0.3359545
-0.2863536
-0.2171311
-0.261612
-0.2746045
-0.3240435
-0.3294097
-0.4435756
-0.6216392
-0.7052536
-0.477739
-0.4460962
-0.4837801
-0.4632125
-0.5776209
-0.6664623
-0.6418836
-0.5897531
-0.8438901
-1.008143
-1.033187
-0.9046582
-0.9169283
-0.8372447
-0.9178258
-0.9683196
-1.007009
-0.8980413
-0.8218419
-0.8551584
-0.9155672
-0.7102712
-0.6135077
-0.6651265
-0.6908367
-0.5695064
-0.4254798
-0.3887144
-0.4875259
-0.515571
-0.5444732
-0.5290908
-0.4689373
-0.5859396
-0.5412722
-0.4658871
-0.4210017
-0.2941364
-0.3189779
-0.4476177
-0.4521839
-0.4455822
-0.4314436
-0.3063359
-0.4114327
-0.492872
-0.5349826
-0.6631718
-0.6702988
-0.9082382
-0.7390202
-0.6198444
-0.7745118
-0.610248
-0.6527536
-0.6239196
-0.8039468
-0.8265253
-0.787806
-0.6284317
-0.6921608
-0.8116891
-0.8440986
-0.9042947
-0.7273919
-0.6947794
-0.4761963
-0.4635583
-0.6169305
-0.7490058
-1.003546
-0.9962996
-0.9855413
-1.021411
-1.022259
-0.9973991
-0.9409032
-1.054999
-1.016301
-0.901232
-0.8916693
-0.88906
-0.8193872
-0.9208739
-0.8323843
-0.8904114
-0.739952
-0.7444754
-0.9062
-1.008828
-0.9158155
-0.8416135
-0.8028137
-0.9449655
-0.7568007
-0.8418277
-0.8633606
-0.6754619
-0.8256204
-0.7913598
-0.9488041
-0.9366724
-1.109872
-0.9435883
-0.6751262
-0.7708046
-0.7313935
-0.8531998
-0.9510013
-0.9718804
-0.8916523
-0.9383779
-0.7208502
-0.683837
-0.6900983
-0.7569285
-0.7269743
-0.8087681
-0.7665834
-0.6155531
-0.7034341
-0.7347083
-0.8204753
-0.8536811
-0.7531227
-0.88997
-1.024621
-0.9087579
-0.9484695
-0.7890849
-0.8722443
-0.880178
-0.7719185
-0.6620657
-0.4732174
-0.6411724
-0.5018833
-0.5120457
-0.5216675
-0.4593112
-0.4650141
-0.6638148
-0.7435872
-0.753857
-0.9441028
-1.027138
-1.133249
-1.064144
-0.9778593
-1.189801
-1.206299
-0.9165618
-0.8811077
-0.7699383
-0.6995791
-0.5787998
-0.5069379
-0.7071078
-0.5287169
-0.4219096
-0.5244278
-0.4196522
-0.4637123
-0.6692018
-0.5262517
-0.4494654
-0.4295354
-0.3698825
-0.4667016
-0.3679174
-0.5427945
-0.311588
-0.4322422
-0.547948
-0.6335124
-0.7506224
-0.5879299
-0.7010698
-0.4836987
-0.3204646
-0.2915704
-0.2693199
-0.3167389
-0.4123629
-0.4550412
-0.4091224
-0.2541947
-0.2592764
-0.150109
-0.2388719
-0.132244
-0.3126474
-0.3314145
-0.256752
-0.169796
-0.1398766
-0.2071119
-0.283766
-0.466252
-0.4303216
-0.3842868
-0.3870758
-0.3126654
-0.4482327
-0.4660633
-0.2641714
-0.40914
-0.4506498
-0.4538391
-0.4163033
-0.3087025
-0.4545125
-0.4379598
-0.1785422
-0.1174525
-0.1728843
-0.1701685
-0.107834
0.1262081
0.08317456
0.01320603
0.001895135
-0.0569757
-0.05048607
0.02078087
0.0673797
-0.05335801
0.001350856
-0.002856362
0.2289863
0.2817067
0.3346774
0.2684098
0.307504
0.2644999
0.3147843
0.2410764
0.1306435
0.1198999
0.2743975
0.3260007
0.4519182
0.2585433
0.1479227
0.1311059
0.183249
0.06058047
0.09124347
0.1118841
-0.0641642
-0.114782
-0.08507396
-0.06689263
-0.2820281
-0.1608644
-0.1336102
-0.155738
-0.1685262
-0.2869351
-0.5197849
-0.3503255
-0.392982
-0.406402
-0.3259746
-0.3750929
-0.263004
-0.2674859
-0.2382207
-0.310227
-0.3336669
-0.2638672
-0.03196452
0.1364109
0.180419
0.1310675
0.2874041
0.1943539
0.1309057
0.1592029
0.06771077
0.04924562
0.1153823
0.1859814
0.2037614
0.1829286
0.06634176
0.1001277
-0.0004030601
0.1937528
0.3172471
0.4910311
0.3369721
0.4461966
0.4580222
0.2860366
0.2529238
0.09313971
-0.100866
-0.1376345
-0.389827
-0.2742503
-0.3008103
-0.3502335
-0.3762126
-0.2571382
-0.316487
-0.1702778
-0.1574255
-0.1874165
-0.2036808
-0.1169049
0.06761821
-0.01801976
-0.002834327
0.062017
0.3150777
0.4079637
0.1676095
0.02480301
0.101746
0.2273702
0.4380216
0.3119015
0.2054412
0.3425788
0.2924703
0.2059965
0.2792352
0.2720263
0.225082
0.3235791
0.2707523
0.229837
0.2148349
0.3452975
0.2409859
0.3105943
0.2428963
0.193646
0.2498484
-0.01502238
0.0557952
0.2695782
0.3259621
0.2702643
0.3561729
0.3836508
0.4139572
0.4470692
0.5437261
0.2959452
0.3323152
0.4048433
0.4188444
0.5938115
0.7168218
0.6898125
0.508391
0.6274053
0.7536571
0.7453292
0.4774831
0.4743105
0.2438845
0.1301549
0.2755765
0.3263069
0.3897564
-0.03544604
-0.1184159
0.1316401
0.1487493
0.05260676
0.030114
-0.2120633
-0.0850869
-0.1317817
-0.1917242
-0.1072839
-0.2197731
0.04311736
-0.05352139
0.04436689
0.05481495
0.2970323
0.2973425
0.3594709
0.4373223
0.4683827
0.6246555
0.6523283
0.5023938
0.4848002
0.1551164
0.1534783
0.1127888
-0.1691763
0.09899565
0.3477064
0.4486845
0.4021362
0.2777793
0.3625409
0.4580866
0.4228448
0.3700402
0.4061942
0.2873926
0.2582521
0.2194403
0.1393419
0.2050905
0.212775
0.01081321
-0.005695918
-0.1086169
-0.0362825
-0.0157116
-0.08225862
-0.1888347
-0.07374161
0.07596315
0.1837393
0.2582451
0.2378714
0.3825172
0.5016547
0.3670457
0.2312522
0.1724431
0.3054944
0.3326404
0.2797396
0.4343476
0.5721506
0.5821664
0.5021792
0.4688149
0.4735195
0.3774169
0.4289132
0.6168192
0.5311914
0.525294
0.6622159
0.648293
0.6401313
0.8273291
0.5642145
0.6846707
0.6079178
0.4836424
0.6369113
0.6048017
0.5037501
0.4596544
0.278752
0.3138171
0.3494216
0.2213852
0.2201423
0.1480382
0.1075278
0.05237804
-0.06486196
-0.02118013
0.1823279
0.1902594
0.2715519
0.1896885
0.2321516
0.3304713
0.4892902
0.5649467
0.5795043
0.5580869
0.5583788
0.3824936
0.1148678
0.1909427
0.3121154
0.2805926
0.05032277
-0.003497551
-0.02408317
0.01126462
-0.1095076
0.01322075
-0.0224624
-0.04507628
0.04172654
0.0598706
-0.01224391
0.07233965
0.1180235
0.1180182
-0.1829162
-0.3012808
-0.2209105
-0.1612704
-0.219215
-0.4349179
-0.5148375
-0.4912014
-0.473234
-0.5462661
-0.4586949
-0.3174849
-0.2298913
-0.3934071
-0.2990053
-0.2985174
-0.3761932
-0.2922671
-0.4110141
-0.58741
-0.7021112
-0.6246846
-0.6983464
-0.6773389
-0.4326308
-0.1967882
-0.05391042
0.02392157
0.08520378
0.2152728
0.281317
0.2078656
0.1751159
0.07575119
0.1157883
0.210415
0.2819327
0.3382662
0.2389346
-0.002767619
-0.01042079
-0.1442335
-0.03584707
-0.1247573
-0.005868837
0.1625495
0.337638
0.2762024
0.1333017
0.1534299
0.136112
0.04403614
0.08099272
0.2061946
0.1603071
0.1906793
0.2053384
0.2125413
0.1568461
0.184993
0.4849518
0.3828853
0.3733614
0.2987903
0.173305
0.1260351
0.3299911
0.2983605
0.4768046
0.2788892
0.2031102
0.3816221
0.5556725
0.5657791
0.3881828
0.2409444
0.2506249
0.1956314
0.09679841
0.04672647
0.02705966
0.2020173
0.2182041
0.1067086
-0.05419916
0.05480627
-0.0897563
-0.1081527
-0.01786808
-0.01437297
-0.03038343
-0.1689154
-0.2419993
-0.2078218
-0.3230009
-0.2915159
-0.3679418
-0.2619653
-0.3793107
-0.5264882
-0.6440007
-0.68492
-0.6001707
-0.4684951
-0.5074055
-0.4168093
-0.4302986
-0.4653412
-0.5126349
-0.63744
-0.7834827
-0.7216685
-0.6843905
-0.713172
-0.6839724
-0.683838
-0.6754751
-0.7792651
-0.7545894
-1.028871
-1.122085
-1.137496
-0.9490121
-0.9071753
-1.028369
-0.9188444
-1.219222
-1.132745
-1.208411
-1.353146
-1.280882
-1.197376
-1.304338
-1.287835
-1.358991
-1.654739
-1.78149
-1.712579
-1.665523
-1.725283
-1.71152
-1.710869
-1.602503
-1.597862
-1.731409
-1.664555
-1.616095
-1.680894
-1.701256
-1.542182
-1.417523
-1.624417
-1.829855
-1.824833
-1.799919
-1.719832
-1.533381
-1.38558
-1.219471
-1.10599
-1.384013
-1.534616
-1.437668
-1.360104
-1.219107
-1.086488
-1.179371
-0.9686841
-0.89835
-0.7172309
-0.5927565
-0.6344401
-0.5595761
-0.4382434
-0.4557207
-0.3494999
-0.2261448
-0.1139516
-0.1187046
0.1020155
-0.1101205
-0.06257241
0.01925092
0.2464314
0.09025226
-0.05431291
-0.1107367
0.06743261
-0.134479
-0.1431388
-0.2026095
-0.1224323
-0.1614516
-0.3309687
-0.4793501
-0.4080522
-0.4653271
-0.3675256
-0.3883662
-0.5621505
-0.4243069
-0.3253915
-0.3766573
-0.3642464
-0.2151431
-0.1792318
-0.164362
-0.1695648
-0.06628718
-0.02793005
-0.1105643
-0.1780862
-0.4433367
-0.4367371
-0.396887
-0.5693602
-0.5049795
-0.3949498
-0.4580194
-0.566736
-0.4811144
-0.4920601
-0.3100928
-0.335134
-0.3939965
-0.390386
-0.5704964
-0.6057343
-0.7312427
-0.4841975
-0.5903845
-0.73741
-0.6026068
-0.4283052
-0.6447711
-0.7657005
-0.8000475
-0.8004427
-0.8574582
-0.9437277
-0.9262532
-0.8959827
-0.8330309
-0.8077842
-0.7994488
-0.8779436
-1.203214
-1.234143
-1.234436
-1.389835
-1.385959
-1.408246
-1.566132
-1.660896
-1.480973
-1.378402
-1.278184
-1.339715
-1.445687
-1.40565
-1.391684
-1.52926
-1.293169
-1.274824
-1.546061
-1.74836
-1.790293
-1.796216
-1.80467
-1.80312
-1.652724
-1.724457
-1.728414
-1.636302
-1.589424
-1.676882
-1.603744
-1.65609
-1.609126
-1.522733
-1.559223
-1.530154
-1.481087
-1.48687
-1.255529
-1.27567
-1.339916
-1.256746
-1.3577
-1.597844
-1.622974
-1.5232
-1.480107
-1.511959
-1.557193
-1.655449
-1.745918
-1.601692
-1.545458
-1.378373
-1.322463
-1.413586
-1.468637
-1.335487
-1.307731
-1.408254
-1.367995
-1.187109
-1.262661
-1.253569
-1.297985
-1.427249
-1.158063
-1.15288
-0.8904898
-0.9049325
-0.6709327
-0.7702432
-0.5965328
-0.5617579
-0.6553133
-0.7343051
-0.7336046
-0.6065618
-0.5320785
-0.3991384
-0.3605633
-0.2941074
-0.1520018
-0.1401221
-0.09343064
-0.2230208
-0.1731026
-0.2666619
-0.3896757
-0.4825148
-0.6315689
-0.6412771
-0.5882511
-0.8597647
-0.8736564
-0.8816917
-0.9147254
-0.6755093
-0.800687
-0.8518321
-0.8989645
-0.9679161
-0.845077
-1.038766
-1.133608
-1.107704
-1.13934
-0.9315497
-0.9624969
-1.086779
-1.391997
-1.239649
-1.293866
-1.110886
-1.266739
-1.195629
-1.275382
-1.376844
-1.437318
-1.486395
-1.503067
-1.581273
-1.559178
-1.508438
-1.501256
-1.465205
-1.302649
-1.287927
-1.304976
-1.438383
-1.314396
-1.371037
-1.23776
-1.192298
-1.207518
-1.336171
-1.456598
-1.482601
-1.342239
-1.26196
-1.021199
-1.212081
-0.9771204
-1.058121
-0.9743415
-1.082119
-1.247333
-1.152027
-1.075555
-0.9340759
-1.139749
-1.380298
-1.330088
-1.432222
-1.49993
-1.653945
-1.74728
-1.855597
-1.892882
-1.829858
-2.025828
-2.083843
-2.058559
-1.958758
-2.073409
-2.252916
-2.225498
-2.332301
-2.47732
-2.481989
-2.545828
-2.556985
-2.597333
-2.60328
-2.740453
-2.931695
-3.066962
-3.018556
-3.2183
-3.181427
-3.167592
-3.328346
-3.184911
-3.207878
-3.274003
-3.393257
-3.27752
-3.344435
-3.419082
-3.380791
-3.373794
-3.232315
-3.298202
-3.22399
-3.073761
-2.940614
-2.872831
-2.899769
-2.907727
-2.9968
-3.016281
-3.049956
-3.055853
-3.002342
-3.256543
-3.278289
-3.28203
-3.364399
-3.414889
-3.549656
-3.540318
-3.607594
-3.594223
-3.637523
-3.950803
-3.980135
-4.049044
-3.962545
-3.856081
-4.109144
-4.303508
-4.248628
-4.182097
-4.038803
-4.213622
-4.245282
-4.141044
-3.908453
-4.090473
-3.995753
-4.134931
-4.10851
-4.038989
-3.914483
-3.959788
-3.846277
-3.767259
-3.963668
-4.00165
-4.139409
-4.117549
-4.09971
-4.022685
-4.07788
-4.159535
-4.227607
-4.373115
-4.362322
-4.398968
-4.325029
-4.31612
-4.305462
-4.32901
-4.397615
-4.302359
-4.338216
-4.547754
-4.291916
-4.231594
-4.149257
-4.243652
-4.443203
-4.462754
-4.382251
-4.449632
-4.519903
-4.515444
-4.520369
-4.602076
-4.829383
-4.996773
-4.919135
-4.808281
-4.846088
-5.037985
-5.134506
-5.109297
-5.046381
-5.041908
-5.099631
-5.091183
-5.158897
-5.336426
-5.270646
-5.314085
-5.219341
-5.230941
-5.222042
-5.378115
-5.323875
-5.353627
-5.237452
-5.316338
-5.347808
-5.258465
-5.111638
-5.05935
-5.068168
-5.161445
-5.048272
-5.113662
-5.035169
-4.911649
-5.159369
-5.064244
-5.303434
-5.528491
-5.527664
-5.509916
-5.405302
-5.340123
-5.453762
-5.434381
-5.54534
-5.478771
-5.332835
-5.377402
-5.345092
-5.141418
-5.222642
-5.215078
-5.34996
-5.262985
-5.184829
-5.199558
-5.171837
-5.236702
-5.037101
-4.80931
-4.975203
-5.026285
-5.022965
-5.044896
-5.130616
-5.112207
-5.099033
-5.145842
-5.050752
-4.923818
-4.88494
-4.718713
-4.680433
-4.64629
-4.741594
-4.584441
-4.737243
-4.765285
-4.74133
-4.964105
-4.992042
-5.09991
-5.047942
-5.004638
-5.058635
-5.046737
-5.080664
-5.171575
-5.27948
-5.343844
-5.249016
-5.255421
-5.269558
-5.292015
-5.32623
-5.277643
-5.404239
-5.349609
-5.397106
-5.180704
-5.229622
-5.368519
-5.351541
-5.368968
-5.470197
-5.344233
-5.324725
-5.402017
-5.464601
-5.425171
-5.489194
-5.432224
-5.320209
-5.192542
-5.294055
-5.288361
-5.322164
-5.229099
-5.170732
-5.074212
-5.177103
-5.218825
-5.338969
-5.199589
-5.224724
-5.308837
-5.331367
-5.246329
-5.343802
-5.41136
-5.310062
-5.315143
-5.429062
-5.296352
-5.171924
-5.359137
-5.220677
-5.276938
-5.224393
-5.268448
-5.282414
-5.505036
-5.604903
-5.76931
-5.677989
-5.684534
-5.688106
-5.554548
-5.573785
-5.536083
-5.599973
-5.774627
-5.867781
-6.021315
-5.993221
-6.109835
-6.138762
-6.030705
-6.032813
-5.777728
-5.798968
-5.854716
-5.898664
-5.917347
-5.621016
-5.680627
-5.349647
-5.282795
-5.14875
-5.337822
-5.575613
-5.551539
-5.627986
-5.834856
-5.76605
-5.605305
-5.509709
-5.395155
-5.473062
-5.518815
-5.72574
-5.836951
-5.913742
-5.723202
-5.717283
-5.862624
-5.820507
-6.055044
-6.15965
-6.206976
-6.238205
-6.204661
-6.19291
-6.21553
-6.294057
-6.101725
-6.140515
-6.177173
-6.267647
-6.045815
-5.929099
-5.923815
-5.942225
-5.764215
-5.716113
-5.572941
-5.413734
-5.220922
-5.475151
-5.552072
-5.638064
-5.381557
-5.417749
-5.318826
-5.24022
-5.246555
-5.318954
-5.295519
-5.252296
-5.189251
-5.030467
-5.075866
-5.1855
-5.146817
-4.968356
-4.961662
-5.057505
-5.123145
-5.214333
-5.366015
-5.238585
-5.036658
-5.184692
-5.493617
-5.528361
-5.432149
-5.407167
-5.416933
-5.724047
-5.619246
-5.403635
-5.453053
-5.41336
-5.237516
-5.200725
-5.07483
-5.003667
-4.927787
-5.019408
-4.929999
-4.628836
-4.390787
-4.207548
-3.921412
-3.85634
-3.924737
-4.179593
-4.352974
-4.498294
-4.614187
-4.817262
-4.909886
-4.923052
-4.801778
-4.833743
-4.692129
-4.622556
-4.753607
-4.778271
-4.727281
-4.548866
-4.682304
-4.853681
-4.764172
-4.833859
-4.745251
-4.785019
-4.695262
-4.751413
-4.815257
-4.902383
-4.984637
-4.984901
-4.785877
-4.794833
-4.794296
-4.822884
-4.813304
-4.833422
-4.652671
-4.595107
-4.587968
-4.571375
-4.570713
-4.432315
-4.517542
-4.583429
-4.509654
-4.680623
-4.51977
-4.464024
-4.56434
-4.57761
-4.696631
-4.898278
-4.978857
-5.045314
-5.093418
-4.988698
-4.970146
-5.13758
-5.022525
-5.033217
-5.126185
-5.125738
-5.018463
-4.859748
-4.931272
-4.876952
-4.836367
-4.834573
-4.867365
-4.807823
-4.739951
-4.619327
-4.534166
-4.519308
-4.540004
-4.641822
-4.93088
-4.866731
-4.873408
-4.840331
-4.871053
-4.742087
-4.63379
-4.789342
-4.905474
-4.676488
-4.578747
-4.731211
-4.790053
-4.983971
-5.190146
-5.143212
-5.114293
-4.935564
-5.092306
-5.147419
-5.190756
-5.18984
-5.098089
-5.163027
-5.244174
-5.307064
-5.214014
-5.169104
-5.160513
-5.156961
-5.112552
-4.988205
-4.924465
-5.05731
-5.289492
-5.34861
-5.162671
-5.176012
-4.984525
-4.918311
-5.078706
-5.140204
-5.23118
-5.253734
-5.277878
-5.391084
-5.409376
-5.50883
-5.564845
-5.481995
-5.733699
-5.862684
-5.781402
-5.507786
-5.459558
-5.483094
-5.60879
-5.603856
-5.623274
-5.753121
-5.920196
-5.754198
-5.645655
-5.585169
-5.660432
-5.443937
-5.208805
-5.14545
-5.085455
-4.928465
-4.887297
-4.797036
-4.838116
-4.866554
-5.045892
-5.131744
-5.356471
-5.442432
-5.518653
-5.471935
-5.581739
-5.490754
-5.616521
-5.74088
-5.80502
-5.868875
-5.767745
-5.79623
-5.59888
-5.468622
-5.607203
-5.761085
-5.913329
-5.839627
-5.646295
-5.3453
-5.304405
-5.417714
-5.468728
-5.528828
-5.767276
-5.692024
-5.817618
-5.862734
-5.662878
-5.846794
-5.831247
-5.604288
-5.553018
-5.3856
-5.233156
-5.210608
-5.269695
-5.383063
-5.381142
-5.241695
-5.480808
-5.468721
-5.377835
-5.343178
-5.409882
-5.438658
-5.483253
-5.613026
-5.823716
-5.762707
-5.55523
-5.710362
-5.617632
-5.826727
-5.772725
-5.649288
-5.577089
-5.669412
-5.888266
-5.847209
-5.948763
-5.890089
-5.877364
-5.81611
-5.773633
-5.729356
-5.496763
-5.301458
-5.575623
-5.66716
-5.619621
-5.670316
-5.485254
-5.510584
-5.665129
-5.690815
-5.683686
-5.664609
-5.77872
-5.695988
-5.652562
-5.660672
-5.71949
-5.617644
-5.500537
-5.539785
-5.449453
-5.580471
-5.616076
-5.580084
-5.56334
-5.544348
-5.467703
-5.547571
-5.490249
-5.381272
-5.350326
-5.430626
-5.422115
-5.506517
-5.675338
-5.716345
-5.530438
-5.62253
-5.683865
-5.544824
-5.633021
-5.496018
-5.496434
-5.583297
-5.508372
-5.398449
-5.55047
-5.444581
-5.361967
-5.397496
-5.457582
-5.560645
-5.700579
-5.770882
-5.757707
-5.634629
-5.743096
-5.761709
-5.688773
-5.735829
-5.854265
-5.801871
-5.896282
-5.790423
-5.901133
-5.98791
-6.122388
-6.04885
-6.148015
-6.096677
-6.08815
-6.060034
-6.081902
-6.10993
-6.22293
-6.255579
-6.13654
-6.156382
-6.131875
-6.174291
-6.229543
-6.287983
-6.23419
-6.142173
-6.208306
-6.224694
-6.235194
-6.465636
-6.343976
-6.332599
-6.467501
-6.541947
-6.517564
-6.441734
-6.2762
-6.269826
-6.134802
-6.333917
-6.411361
-6.500756
-6.382879
-6.304855
-6.225414
-6.332997
-6.438222
-6.384263
-6.563608
-6.344849
-6.408733
-6.442172
-6.383917
-6.381921
-6.289726
-6.245396
-6.111986
-6.285761
-6.18628
-6.184152
-6.376044
-6.37437
