5.520769
5.508934
5.76968
5.586678
5.51195
5.598507
5.491575
5.565477
5.478034
5.414838
5.395847
5.488183
5.425894
5.409833
5.432192
5.440558
5.49839
5.723602
5.749781
5.628996
5.469595
5.473677
5.437934
5.312724
5.438699
5.417082
5.501417
5.586686
5.440639
5.492254
5.49707
5.408892
5.132984
5.202191
4.922729
5.085615
4.788505
4.746252
4.542619
4.475454
4.489868
4.35396
4.414332
4.481332
4.456554
4.621446
4.509779
4.379171
4.331998
4.462697
4.497585
4.404556
4.586697
4.623895
4.598508
4.503405
4.523574
4.479864
4.559369
4.476718
4.469015
4.431059
4.299038
4.577574
4.434874
4.542755
4.470075
4.389667
4.352683
4.499728
4.478441
4.610111
4.362747
4.500128
4.445652
4.511496
4.390777
4.451151
4.3532
4.611834
4.523933
4.477868
4.633503
4.535309
4.632825
4.686385
4.59943
4.487928
4.408377
4.429351
4.400233
4.507127
4.515823
4.638783
4.692296
4.715496
4.861799
5.106991
5.056091
5.123282
5.252296
5.220404
5.403886
5.390633
5.258399
5.247728
5.320004
5.616717
5.601738
5.567973
5.576976
5.417468
5.409593
5.386772
5.336885
5.39035
5.50135
5.526912
5.580167
5.40072
5.607955
5.664839
5.732957
5.671684
5.644406
5.605692
5.428045
5.437342
5.556677
5.518065
5.662381
5.563014
5.345884
5.470183
5.536502
5.475121
5.503514
5.649339
5.720283
5.56585
5.496865
5.384171
5.37494
5.282088
5.37454
5.387643
5.566685
5.396867
5.518274
5.46365
5.313323
5.29978
5.114266
5.053338
4.734635
4.844125
4.857905
5.00916
4.754876
4.50664
4.537843
4.549109
4.611225
4.521516
4.445239
4.241317
4.521593
4.549902
4.576777
4.647293
4.591304
4.45358
4.516018
4.616602
4.880582
4.901629
5.047121
5.082232
5.087677
5.162696
5.3187
5.265905
5.350898
5.446055
5.518371
5.459446
5.468055
5.299018
5.246684
5.115965
5.055985
4.928058
4.919637
4.958243
4.875023
4.963318
5.062429
4.993804
4.890292
4.865523
5.161843
5.161284
5.044191
5.179066
5.18884
5.077378
5.09146
5.031814
4.898365
4.846972
4.738754
4.915144
4.901772
4.81003
4.812586
4.834038
4.719484
4.541558
4.74506
4.619054
4.752036
4.624148
4.424887
4.404868
4.50734
4.437314
4.617519
4.676613
4.609492
4.752546
4.874883
4.69043
4.875261
4.691751
4.758837
4.913895
4.924443
5.070294
4.98699
4.7996
4.832931
4.817547
4.739621
4.632067
4.871187
4.968589
4.886622
4.926503
4.858947
4.837746
4.964728
4.857114
4.811298
4.748048
4.719116
4.627266
4.421833
4.370316
4.489057
4.46578
4.515377
4.513537
4.493044
4.563889
4.537872
4.467889
4.491486
4.574545
4.709597
4.674836
4.462528
4.412594
4.521336
4.584666
4.492581
4.48113
4.34603
4.44218
4.34643
4.396772
4.262172
4.172367
4.186723
4.30882
4.377375
4.440908
4.298291
4.372333
4.378437
4.277748
4.331031
4.18787
4.326505
4.386032
4.663215
4.598445
4.486113
4.431696
4.55112
4.674604
4.677475
4.495605
4.49882
4.572084
4.561408
4.672018
4.898244
4.996672
5.024895
5.088011
5.027792
5.058169
4.869542
5.031594
5.041533
4.946214
4.881786
4.750086
4.898271
4.797884
4.649622
4.601657
4.695136
4.638528
4.598238
4.54683
4.498365
4.517711
4.432182
4.410496
4.343831
4.377002
4.343159
4.072654
4.080294
3.89312
4.00556
4.221656
4.306995
4.224939
4.250309
4.107381
4.128215
4.17001
4.02376
3.863152
4.028978
4.050892
4.037211
4.141468
3.984776
3.986873
3.974909
3.924043
3.942681
3.839159
3.851119
3.982147
3.867594
3.970647
4.066077
4.226292
4.313779
4.411832
4.502631
4.740704
4.728294
4.818988
4.798125
4.715844
4.772377
4.637132
4.616731
4.477141
4.697519
4.583404
4.565166
4.674001
4.672562
4.686255
4.636422
4.526775
4.638142
4.532992
4.470999
4.438662
4.308796
4.25761
4.290105
4.212539
4.314588
4.467275
4.524491
4.78753
4.810844
4.748176
4.806512
4.86977
4.910397
4.835154
4.851257
4.873523
5.011012
4.955995
4.836722
4.82521
4.907455
4.895835
4.874452
4.645286
4.600909
4.652026
4.800779
4.838468
4.794739
4.859632
4.699694
4.856306
4.765041
4.785654
4.718065
4.647103
4.274415
4.488134
4.205964
4.263011
4.351351
4.225072
4.270708
4.421421
4.300943
4.20624
4.129225
4.109771
4.085004
3.911559
3.803008
3.789406
3.937293
3.749163
3.75565
3.868261
3.86827
3.717748
3.745011
3.823073
3.73611
3.598064
3.564029
3.330489
3.410385
3.361746
3.427297
3.332247
3.378817
3.256308
3.493695
3.721317
3.569501
3.595089
3.587476
3.525915
3.620562
3.631137
3.56834
3.41021
3.303786
3.16034
3.079649
3.218806
3.183019
3.115697
3.085171
2.861634
2.814779
2.95024
3.28203
3.310342
3.275515
3.317424
3.170601
2.826085
2.879872
2.881719
2.832978
2.956148
2.762046
2.650366
2.512864
2.682373
2.556271
2.568207
2.454832
2.345948
2.527699
2.364453
2.328731
2.406354
2.339549
2.305829
2.148319
2.400416
2.486842
2.411641
2.603042
2.676179
2.63655
2.591875
2.560803
2.526904
2.447759
2.478057
2.318862
2.134034
2.075131
2.147192
2.247641
2.279922
2.382399
2.380586
2.408214
2.303166
2.306518
2.452643
2.566068
2.641798
2.66654
2.838114
2.77086
2.899883
2.96442
2.794451
2.811293
2.711421
2.704337
2.667158
2.805242
2.914589
2.864578
2.880827
2.966409
2.861372
2.847034
2.884501
3.049762
3.084518
3.061151
3.169659
3.218759
3.314447
3.37655
3.229236
3.163325
2.9211
3.122648
3.084241
3.161402
3.271878
3.049161
2.946507
3.074923
3.149723
3.184046
3.197048
3.225438
3.236917
3.192803
3.364487
3.409211
3.180202
3.214026
3.164612
3.128208
3.32994
3.501083
3.452288
3.454222
3.536493
3.522048
3.703733
3.701985
3.632122
3.910731
4.120593
4.105447
4.079325
4.247729
4.279775
4.348276
4.41304
4.570812
4.531895
4.572539
4.566028
4.599171
4.476212
4.498213
4.393383
4.365429
4.316504
4.381408
4.372996
4.470289
4.319965
4.204279
4.167837
4.06283
4.108998
4.128572
3.888615
3.84683
3.649316
3.671674
3.498638
3.64033
3.581323
3.52362
3.445003
3.396644
3.405308
3.322264
3.243555
3.135276
3.325839
3.348587
3.269838
3.293936
3.246648
3.305178
3.419983
3.571256
3.266851
3.076095
3.17823
3.227089
3.25751
3.143263
3.030136
3.055018
3.23565
3.359467
3.347734
3.463262
3.36249
3.329788
3.25182
3.300578
3.388375
3.339048
3.401413
3.5102
3.654193
3.684384
3.675276
3.486827
3.578124
3.579472
3.714128
3.538078
3.654898
3.758322
3.694652
3.859427
3.897823
3.855347
3.830348
3.886851
3.722149
3.66987
3.587383
3.764908
3.633031
3.721216
3.713442
3.742123
4.095795
4.136442
3.893541
4.098797
4.265101
4.167552
4.079469
4.077121
4.097761
4.041245
4.188617
4.371423
4.419048
4.366293
4.193412
4.120444
4.214151
4.107831
4.075242
4.110285
3.943286
3.945627
3.923554
3.977471
3.858884
3.961226
3.835822
3.77567
3.819035
3.673423
3.843816
3.824905
4.078195
4.054841
4.036439
4.044563
4.187661
4.165589
4.212123
4.43213
4.69399
4.66444
4.723388
4.982445
5.144282
5.072385
4.745824
4.868569
4.879191
5.090957
5.220302
5.260778
5.301637
5.383134
5.468125
5.588283
5.807664
6.052977
6.0972
6.143042
6.272691
6.33453
6.386057
6.4618
6.484307
6.587887
6.577718
6.732942
6.939472
6.886184
6.994269
7.037892
6.925938
6.830131
6.975094
6.925284
7.065929
7.002442
7.033361
7.108279
7.151589
7.215556
7.189932
7.211415
7.119523
7.159989
7.238135
7.181916
7.158303
7.123221
7.142171
7.147247
7.271291
7.1946
6.909748
7.163551
7.285651
7.223269
7.219795
7.154721
7.209233
7.217285
7.132891
7.039773
6.816866
6.72036
6.720573
6.781433
6.529686
6.537807
6.510968
6.67702
6.625708
6.760098
6.691742
6.699035
6.683493
6.405515
6.26996
6.0509
6.146725
6.282419
6.38237
6.411457
6.414911
6.488486
6.571545
6.353707
6.147245
6.008083
6.012377
6.055093
5.971087
5.82418
5.968554
6.065934
6.100903
6.170035
6.224883
6.259296
6.296959
6.328999
6.378869
6.383934
6.249293
6.339794
6.374903
6.157541
6.386201
6.498331
6.710367
6.797163
6.560936
6.526548
6.388333
6.282203
6.241112
6.08876
6.124449
6.200891
6.31625
6.543106
6.625459
6.745927
6.802148
6.75548
6.808442
6.779428
6.756995
6.699003
6.821362
6.651414
6.582076
6.602772
6.466822
6.572918
6.669188
6.680867
6.731193
6.750115
6.84351
6.804846
6.820844
6.936316
6.883917
6.726152
6.893721
6.863939
6.881878
6.635848
6.47017
6.30275
6.311666
6.27104
6.203323
6.140988
6.034891
5.959218
5.923175
5.935817
5.970749
5.874445
5.835875
5.921807
5.998308
5.883065
5.835719
5.902007
5.800896
5.853945
6.062505
6.081113
6.117986
6.041389
6.199999
6.193898
6.182494
5.969082
5.864869
5.916788
5.756375
5.89915
5.912609
6.12701
6.115987
6.248298
6.198334
6.018047
5.825383
5.792253
6.016476
6.2243
6.412086
6.372715
6.385404
6.365904
6.266452
6.282039
6.31759
6.356239
6.503198
6.372757
6.353286
6.307475
6.382443
6.302349
6.40397
6.472148
6.502692
6.428314
6.372274
6.452521
6.423026
6.333492
6.424616
6.415947
6.419737
6.454491
6.326199
6.09008
5.968506
5.828247
5.827225
5.911794
5.964253
5.986427
5.916936
6.052999
5.914118
5.9811
6.070945
6.076773
6.070049
6.01054
5.949431
5.976669
5.93459
6.058674
5.887348
5.831673
5.668537
5.77878
5.746537
5.604268
5.491929
5.605764
5.623848
5.58209
5.565197
5.529397
5.832851
5.799191
5.745864
5.822442
5.931592
5.671564
5.749309
5.551536
5.559831
5.63726
5.484828
5.44019
5.424323
5.675182
5.401356
5.575443
5.593559
5.496748
5.327661
5.362022
5.464901
5.503242
5.522267
5.213168
5.12007
5.083771
5.266048
5.222427
5.398154
5.417125
5.504033
5.586299
5.592425
5.508607
5.515025
5.700919
5.651938
5.756562
5.940411
5.966803
5.96001
6.016419
5.996498
6.118865
6.086976
6.089754
5.942146
5.839895
5.742057
5.748988
5.5983
5.519732
5.542918
5.629121
5.499893
5.382731
5.434366
5.32791
5.17015
5.295283
5.38464
5.391984
5.308402
5.22234
5.184446
5.187952
5.220494
5.159111
5.021239
5.158801
5.151034
5.033634
4.937218
4.871905
4.839032
4.883207
4.883735
4.843116
4.941887
4.999163
5.108186
5.343521
5.093963
5.059343
5.084035
5.276007
5.474141
5.429804
5.448824
5.535511
5.742337
5.732568
5.775533
5.672869
5.64061
5.538803
5.228664
5.235748
5.230532
5.218007
5.246426
5.15828
5.162966
5.295728
5.232001
5.357928
5.339349
5.291031
5.36358
5.399812
5.261347
5.203707
5.315184
5.247324
5.403504
5.41774
5.293986
5.308682
5.250728
5.398522
5.507481
5.514445
5.614012
5.534721
5.463103
5.565055
5.647089
5.781803
5.899057
5.82957
5.876508
5.632654
5.520313
5.676178
5.534407
5.456347
5.36901
5.349044
5.466233
5.593399
5.62016
5.417931
5.605578
5.514199
5.518432
5.530314
5.602625
5.805342
5.917578
5.918873
6.044615
5.97148
5.966673
5.822064
5.783813
5.835943
6.076457
6.07841
6.185976
6.070785
6.022493
5.96652
6.087035
6.066496
6.114904
6.099614
6.289546
6.182897
6.203783
5.987814
6.066492
6.325495
6.32487
6.284316
6.345416
6.313883
6.495827
6.393812
6.48717
6.426645
6.390797
6.377349
6.397756
6.262142
6.469836
6.45035
6.501514
6.54846
6.707433
6.725521
6.715127
6.719912
6.594833
6.732726
6.643995
6.568672
6.739601
6.819203
6.73678
6.668799
6.52031
6.442686
6.321488
6.256614
6.289476
6.131808
6.028033
6.229047
6.182384
6.368336
6.418422
6.349924
6.198237
6.366245
6.251009
6.212577
6.186745
6.037182
6.194531
6.098408
6.16136
6.278121
6.214441
6.109493
5.969953
5.991931
5.779957
5.77934
5.675504
5.535317
5.505346
5.446372
5.242838
5.231889
5.156321
5.145087
5.225702
5.242615
5.313193
5.370619
5.245717
5.156584
5.083906
5.377507
5.399767
5.30498
5.175907
5.298038
5.131725
5.334342
5.258377
5.235996
5.319204
4.958297
4.857088
4.843465
4.778829
4.540669
4.7399
4.811119
4.646076
4.389366
4.39565
4.505772
4.472417
4.47159
4.553929
4.521967
4.473299
4.646261
4.756395
4.639621
4.669757
4.459521
4.393826
4.356963
4.467956
4.419784
4.464196
4.402766
4.441404
4.5894
4.639668
4.758234
4.782868
5.09112
5.059415
5.102049
5.151682
5.225106
5.139718
4.985928
4.949733
4.887328
5.09101
5.06724
5.227455
5.197286
5.117052
5.105332
4.985046
4.813075
4.99801
4.970508
4.968828
4.986027
5.007072
4.978985
4.936112
4.845358
4.810058
4.859395
4.729521
4.72615
4.808532
4.935249
4.795763
4.820013
4.719479
4.686024
4.656687
4.614158
4.705884
4.821124
4.748467
4.919537
4.859647
4.659845
4.849703
4.881342
4.943471
4.916687
5.082974
5.277329
5.241789
5.241182
5.360688
5.504095
5.687147
5.535655
5.702297
5.757053
5.713881
5.861819
5.654154
5.789157
5.907385
5.734336
5.683355
5.589716
5.768801
5.857421
5.757407
5.68725
5.729103
5.580457
5.732452
5.743814
5.728782
5.799173
5.68634
5.909543
5.891641
5.836295
5.726296
5.627845
5.50701
5.541224
5.502263
5.650418
5.729357
5.665646
5.607844
5.503954
5.314762
5.275823
5.240943
5.115853
5.007426
4.940124
4.906791
4.902061
4.888769
5.026389
4.82045
4.613305
4.716423
4.67274
4.682279
4.786761
5.052385
5.026124
4.994387
4.801829
4.827379
4.748001
4.69636
4.67374
4.778853
4.829504
4.911471
4.920699
4.800289
4.925094
4.728797
4.536837
4.559766
4.45739
4.41432
4.296084
4.184566
4.196733
4.323607
4.300619
4.483688
4.409748
4.472496
4.594939
4.475083
4.432789
4.549066
4.748686
4.791844
4.870163
4.627601
4.648912
4.781739
4.726903
4.689604
4.618649
4.791357
4.851057
4.799981
4.486434
4.459333
4.366261
4.316239
4.632141
4.444522
4.435697
4.287752
4.436974
4.550041
4.498193
4.53038
4.476615
4.381103
4.541428
4.49684
4.518694
4.437305
4.291194
4.32632
4.355269
4.241624
4.050782
3.949132
3.939106
3.914075
3.972001
3.969535
3.988781
4.059455
4.118509
3.989746
3.952788
4.167671
4.250129
4.229572
4.171813
4.028105
4.083023
4.152472
4.04373
4.003624
3.958919
3.843326
3.985785
4.110329
4.074836
4.277886
4.382269
4.576102
4.505943
4.520393
4.635486
4.490596
4.491919
4.535998
4.464287
4.463202
4.431699
4.426088
4.465131
4.566903
4.644458
4.756517
4.595628
4.591637
4.628301
4.539894
4.677906
4.781487
5.027394
5.214153
5.220568
5.337011
5.34046
5.395805
5.22429
5.313967
5.204079
5.167753
5.360386
5.474387
5.510625
5.548935
5.606856
5.568773
5.639376
5.628736
5.738476
5.753382
5.756821
5.756703
5.794966
5.994553
5.825905
5.945268
5.901846
5.907399
5.965697
5.84208
5.98529
6.066158
6.11753
5.934095
5.834537
5.776011
5.643971
5.700254
5.764165
5.694543
5.485391
5.277588
4.89237
4.931537
4.920148
5.02729
4.985251
5.131478
5.028296
5.191472
5.145559
5.061898
5.23953
5.28285
5.180688
5.315966
5.400295
5.448907
5.57519
5.441449
5.390753
5.254817
5.233312
5.245018
5.181484
5.290203
5.292421
5.33796
5.260891
5.053509
5.060844
5.202562
5.211008
5.205367
4.996715
4.933421
4.981843
4.941188
4.881595
4.950073
5.088479
4.79846
4.73852
4.643152
4.719891
4.788715
4.663547
4.84156
4.744424
4.635042
4.685074
4.544286
4.694975
4.891893
4.843728
4.904732
4.912816
4.866038
4.932243
4.817906
4.973638
4.831484
4.813467
5.009303
5.068504
5.246788
5.055085
5.125821
5.042459
4.83149
4.960945
4.90464
5.028578
5.10084
5.217533
5.334417
5.173733
5.147531
5.158417
5.1792
5.015548
5.068037
4.936215
4.84401
4.843803
4.751283
4.778141
4.905191
4.8748
4.861887
4.785741
4.848244
4.717116
4.738821
4.641338
4.417392
4.429521
4.504754
4.243994
4.021232
3.890238
4.047804
4.162541
4.152135
4.132931
3.982454
4.022016
3.917474
3.602843
3.625917
3.644348
3.490652
3.511166
3.580071
3.644999
3.642196
3.701396
3.691531
3.754685
3.563125
3.804924
3.700158
3.676737
3.526098
3.689154
3.688996
3.621875
3.70445
3.617685
3.446652
3.397149
3.514808
3.422449
3.602524
3.585556
3.54545
3.619201
3.575762
3.678955
3.807221
3.86429
3.711681
3.707848
3.789777
3.866539
3.863626
3.932154
3.870837
4.062391
4.157162
3.973878
4.079836
4.085693
4.044368
4.041603
4.002201
3.897103
3.791093
3.919092
4.01063
3.928743
3.840716
3.842586
3.765211
3.763093
3.747415
3.743581
3.697143
3.680311
3.703678
3.791475
3.731845
3.730572
3.729372
3.883468
3.833496
3.845861
3.930525
3.758701
3.676266
3.690724
3.485178
3.626713
3.490727
3.694742
3.754709
3.798277
3.919597
3.933108
4.043006
4.006806
4.148612
4.179002
4.110495
4.160546
4.264281
4.147433
4.0651
4.313102
4.22223
3.981471
3.804769
3.840131
3.800565
3.891014
3.717181
3.726202
3.91569
4.090043
4.209959
4.116571
3.999226
3.878237
3.887307
3.955343
4.011587
4.233097
4.218972
4.242376
4.120797
4.039049
4.036673
4.119037
4.189326
4.172696
4.196007
4.278285
4.25921
4.332934
4.229124
4.333148
4.439098
4.326019
4.373305
4.297522
4.393273
4.272893
4.169698
4.176657
4.159386
4.284495
4.269028
4.227308
4.195506
3.953254
3.699516
3.774385
3.731394
3.724838
3.665674
3.675628
3.726214
3.746849
4.118235
4.135533
4.015
4.050077
4.030487
4.231673
4.27752
4.158286
4.113629
4.103423
3.964174
4.191988
4.081652
4.275639
4.322704
4.15718
4.155789
4.091028
4.175194
4.051569
4.0316
3.797215
3.735838
3.702187
3.722692
3.598147
3.480807
3.598136
3.61596
3.578503
3.858285
3.794332
3.854722
3.980724
4.002855
3.844709
3.701229
3.913008
4.044649
3.941198
4.115913
4.206778
4.260771
4.124688
4.323985
4.322414
4.353958
4.399956
4.329247
4.301198
4.374493
4.343376
4.458099
4.569241
4.779932
5.017123
5.166434
5.289083
5.209518
5.248784
5.2445
5.175772
5.079609
5.025378
5.221711
5.300234
5.329718
5.185181
5.259789
5.293323
5.376645
5.309246
5.194368
5.194108
5.251262
5.191244
5.428646
5.326582
5.357449
5.30516
5.322318
5.078264
5.144048
4.987763
4.918906
5.20353
5.117601
4.944621
4.935207
4.884908
4.921532
4.997927
4.998058
4.922354
4.79894
4.766812
4.792633
4.821111
4.747279
4.786931
4.825666
4.881638
4.908909
4.777846
4.632059
4.549098
4.473167
4.302126
4.310066
4.122446
4.08385
3.990098
4.219731
4.275721
4.290422
4.400292
4.296248
4.316877
4.436782
4.313159
4.436099
4.384642
4.23576
4.313064
4.414962
4.33863
4.579526
4.566384
4.68305
4.660871
4.682669
4.516436
4.419659
4.58785
4.699221
4.503036
4.501131
4.670768
4.832449
4.936193
4.986296
4.807486
4.863295
4.743917
4.702928
4.792407
4.941903
4.941285
4.757414
5.023426
4.863872
4.965622
4.95893
5.011228
5.056277
5.17096
5.0802
4.994636
4.988388
4.70488
4.629084
4.737745
4.533241
4.426487
4.605577
4.669073
4.621123
4.519938
4.472789
4.309306
4.169666
4.32441
4.482796
4.661644
4.824512
4.904515
5.009908
5.062986
5.182356
5.012142
5.009294
5.006447
4.923414
4.75496
4.84597
4.854337
4.744428
4.683744
4.650192
4.605532
4.680591
4.560326
4.709186
4.601513
4.595618
4.769231
4.79384
4.708492
4.725196
4.807152
5.092525
4.895749
4.903201
4.896627
4.77407
4.692773
4.722293
4.874031
4.836285
4.918616
5.006833
5.09009
5.007448
5.052497
4.823647
4.880764
4.855704
4.865894
4.986476
5.281554
5.01338
4.861233
4.825062
4.820182
5.077855
5.056986
5.144852
5.215586
5.137137
5.023576
4.971162
5.003952
5.003134
5.089677
5.10707
5.051772
5.032152
5.050109
4.978998
4.867872
4.68728
4.799007
4.982663
5.064446
5.106528
5.002077
5.034929
4.948934
4.902759
4.718911
4.68034
4.730299
4.830141
4.872287
4.744174
4.68373
4.750588
4.796745
4.866184
5.254308
5.23509
5.385272
5.454198
5.556617
5.63989
5.79943
5.825052
6.055909
6.291597
6.425474
6.385307
6.337409
6.223409
6.182687
6.247586
6.262049
6.11748
6.193915
6.233948
6.096964
6.115027
6.062385
5.980625
5.789179
6.162248
6.218547
6.255259
6.197959
6.220172
6.226284
6.045141
5.883709
5.678854
5.746915
5.75259
5.673826
5.665874
5.473921
5.260939
5.345368
5.320208
5.267743
5.091543
4.94015
4.909391
4.946795
4.89643
4.909673
4.924025
4.848409
4.677492
4.820057
4.635335
4.61942
4.673134
4.696869
4.707936
4.68372
4.783314
4.850701
4.718013
4.751262
4.749634
4.79756
4.805799
4.615193
4.694378
4.752407
4.714867
4.748165
4.814914
4.782664
4.740601
4.662072
4.62232
4.71079
4.658443
4.594391
4.648532
4.626013
4.679928
4.447968
4.562872
4.681732
4.702353
4.72705
4.77366
4.780785
4.899979
4.685908
4.607883
4.656631
4.777253
4.89105
4.946914
4.901678
4.874978
4.831194
4.854515
4.89381
4.995292
5.063466
5.032415
5.06152
5.07007
4.979145
4.903931
4.848604
4.908015
4.87404
4.662942
4.66312
4.679854
4.726611
4.71965
4.634518
4.604499
4.681085
4.749106
4.918343
4.893319
4.938129
5.009056
4.933474
5.137442
5.050263
5.043702
4.90405
4.750299
4.589678
4.743136
4.666319
4.674048
4.791256
4.819056
4.956207
5.029398
5.156548
5.2026
5.06665
4.885322
4.79687
4.686053
4.630861
4.632655
4.749457
4.545176
4.50668
4.514559
4.334197
4.443509
4.233107
4.183909
4.083555
4.013814
3.838305
3.830558
3.762733
3.873938
4.016649
3.801916
3.928138
4.014293
3.810288
3.654012
3.340266
3.328079
3.162374
3.330856
3.404066
3.218933
3.10424
3.173868
3.033738
3.262057
3.457272
3.45773
3.503108
3.611113
3.557836
3.462501
3.549479
3.478285
3.382456
3.543028
3.460639
3.389058
3.267609
3.234268
3.052146
3.040738
2.974184
3.115024
3.031004
2.927442
3.012782
2.919014
2.898005
2.660208
2.69802
2.65339
2.411184
2.45668
2.33193
2.341856
2.127527
2.01753
2.089363
2.17375
2.303037
2.279808
2.183429
2.265755
2.222273
2.22977
2.297676
2.316045
2.432427
2.565174
2.622716
2.547529
2.47169
2.608069
2.622603
2.545031
2.530693
2.528958
2.500611
2.653166
2.970348
2.797755
2.817442
2.758198
2.7913
2.748221
2.799669
3.065655
3.051187
3.11
3.125026
2.960596
3.133708
3.199361
3.200165
3.278209
3.338925
3.376629
3.300001
3.433321
3.382764
3.459403
3.279473
3.392871
3.32767
3.458293
3.663199
3.746029
3.728928
3.669746
3.682533
3.826825
3.834864
3.887151
3.888413
3.747986
3.619836
3.623454
3.594487
3.457792
3.606579
3.673012
3.636665
3.573158
3.531562
3.601274
3.973225
4.239401
4.326137
4.296156
4.357716
4.37254
4.403548
4.358392
4.374978
4.581726
4.66715
4.702993
4.670049
4.744444
4.710178
4.670127
4.667491
4.637594
4.743933
4.823916
5.035346
5.300253
5.413815
5.416013
5.506497
5.495792
5.438637
5.268458
5.263642
5.309366
5.365957
5.447377
5.505932
5.433246
5.22764
5.097714
5.178325
5.131812
5.042546
5.124412
4.989592
5.036395
5.032581
5.156914
5.121451
5.391603
5.444723
5.454149
5.498854
5.46851
5.472119
5.457497
5.562444
5.593892
5.49778
5.609606
5.636365
5.643676
5.635294
5.661815
5.764253
5.660878
5.706978
5.804597
6.124225
6.087724
6.145622
6.085656
5.996422
5.925288
5.96052
5.699496
5.700649
5.783549
6.004996
5.977487
6.018461
6.10349
6.105933
5.876623
5.752572
5.81627
5.813158
5.851838
5.811339
5.889972
5.618542
5.76585
5.936821
5.965571
5.861542
5.821829
5.803957
5.741174
5.752321
5.78056
5.965807
6.192489
6.103941
6.055768
6.039303
6.108313
6.019696
5.941929
6.01195
6.178659
5.99737
5.8923
5.971554
5.948661
5.843511
5.830062
5.919548
6.108037
6.132037
6.137407
6.159837
6.210498
6.237103
6.374576
6.390793
6.407009
6.425809
6.41493
6.544853
6.599347
6.784144
6.822229
6.787415
6.773642
6.985309
7.095856
7.316824
7.336373
7.320033
7.218782
7.182934
7.317321
7.42528
7.29823
7.275626
7.318491
7.490201
7.398619
7.45304
7.356464
7.265588
7.51715
7.386354
7.389055
7.483267
7.616699
7.536503
7.263358
7.170275
7.113405
7.300783
7.362796
7.276605
7.28501
7.376927
7.284727
7.194086
7.129749
7.009989
7.289306
7.110175
6.96587
6.882956
6.875895
6.851243
6.837952
6.719555
6.818593
6.765712
6.803901
6.896976
7.024483
6.994325
6.872953
6.954116
6.806591
6.745922
6.758489
6.800342
6.819297
6.852152
6.827064
6.602289
6.693452
6.838479
6.849295
6.968015
6.890334
7.046392
6.952747
6.892635
6.768451
6.826585
6.885653
6.954152
6.897548
6.926798
6.872213
6.852972
6.991969
6.911059
6.73204
6.733345
6.743161
6.766616
6.854745
6.636599
6.583044
6.7514
6.806041
6.907884
6.915
6.847863
6.856919
6.834452
6.794309
6.96173
6.926695
6.979526
6.926398
6.853831
6.85283
6.813919
6.924837
7.129015
7.172094
7.149822
7.275231
7.225247
7.068675
6.788446
6.862012
6.825895
6.786048
6.865213
6.863996
6.972421
6.894594
6.738073
6.933695
6.874158
6.846002
6.995602
6.635503
6.617569
6.653038
6.724909
6.796015
6.934114
6.936031
7.127604
7.135997
7.084435
7.129257
7.058051
6.96549
6.887926
7.02043
7.070132
7.007909
7.047694
7.110556
7.16888
7.230776
7.138575
7.105376
7.052613
7.097543
7.159912
7.399032
7.386909
7.343472
7.323198
7.132025
7.039484
6.864015
6.903319
7.063263
6.99135
7.076136
7.029708
7.181328
7.161336
7.061535
7.063852
7.129326
7.064723
7.21745
7.352152
7.210372
7.146685
7.231058
7.384151
7.217611
7.206112
7.144277
7.176225
7.220763
7.275779
7.357722
7.469941
7.781275
7.605147
7.766163
7.832418
8.046429
8.027753
7.929885
7.974773
8.055572
7.95852
7.992055
7.961618
7.926597
7.873124
8.055993
7.96837
7.953502
7.892797
8.012067
7.966288
7.871752
7.98512
7.975244
7.929178
7.810716
7.732195
7.576226
7.542255
7.595082
7.457423
7.199772
7.296883
7.449704
7.47866
7.54379
7.689433
7.69768
7.708448
7.700212
7.75056
7.7505
7.673122
7.693422
7.680474
7.863488
7.775917
7.610195
7.663639
7.574528
7.569492
7.589379
7.536205
7.491928
7.396863
7.440625
7.317361
7.242742
7.180557
7.155126
6.914078
6.849556
6.83957
6.881435
6.995417
7.168655
7.172047
7.132774
7.126574
6.964831
6.817635
6.771709
6.610297
6.556656
6.468812
6.361847
6.44549
6.31714
6.275347
6.310334
6.488948
6.52414
6.551879
6.549341
6.581252
6.489663
6.492099
6.597873
6.56947
6.545709
6.455581
6.385488
6.367889
6.414453
6.379062
6.320538
6.188669
6.165081
6.100107
6.263666
6.406242
6.328089
6.436099
6.561134
6.564594
6.601952
6.504563
6.485253
6.518768
6.429178
6.411111
6.563369
6.490857
6.466419
6.579506
6.527565
6.471394
6.572847
6.551179
6.531977
6.610823
6.72927
6.741651
6.819226
6.988091
6.815696
6.740884
6.822462
6.845846
6.853872
6.753039
6.69365
6.52786
6.473593
6.548522
6.666984
6.86518
6.958393
6.987384
6.954453
7.076927
7.029009
6.965328
7.123709
7.151295
7.032311
7.039874
7.085668
6.931553
6.836535
6.802704
6.933745
6.877664
6.632288
6.73378
6.543468
6.556085
6.633537
6.472153
6.427355
6.416552
6.554585
6.501917
6.588394
6.578593
6.436664
6.553342
6.430235
6.376218
6.413843
6.550068
6.506118
6.47777
6.334452
6.154923
6.090474
6.253613
6.257316
6.29894
6.359576
6.375822
6.33655
6.55518
6.568082
6.622225
6.672537
6.991927
7.207545
7.269717
7.096758
7.083508
7.211922
7.292739
7.384786
7.393479
7.450251
7.549431
7.492418
7.580263
7.725903
7.762915
7.731449
7.597403
7.549187
7.587109
7.389284
7.304187
7.137125
7.287015
7.306995
7.359508
7.416133
7.605481
7.702328
7.82497
7.702806
7.780609
7.74974
7.825668
7.830027
7.748588
7.924374
7.95659
7.878443
7.601024
7.634267
7.703058
7.743471
7.72811
7.652031
7.721057
7.583817
7.647604
7.619697
7.704607
7.778381
7.793721
7.79606
7.945269
7.986065
7.887808
7.986986
7.867537
7.606545
7.545262
7.555353
7.512098
7.360989
7.536665
7.829624
7.772628
7.792191
7.952584
7.888171
7.729431
7.577087
7.667611
7.846062
7.919138
7.749607
7.677609
7.667168
7.596896
7.672131
7.528474
7.559597
7.370964
7.441528
7.465737
7.551587
7.745442
7.603731
7.414682
7.313785
7.234149
7.235029
7.294522
7.192236
7.105755
7.085814
7.251974
7.127727
7.0358
7.078794
6.929572
6.870762
6.837432
6.722094
6.919825
6.926402
6.914541
7.106462
7.207976
7.100916
7.174648
7.246754
7.211362
7.210026
7.201768
7.419272
7.304185
7.202807
7.063905
7.138397
7.223987
7.359437
7.267502
7.229741
7.390818
7.466829
7.562617
7.572845
7.858271
7.844046
7.931801
7.862916
7.763967
7.636966
7.627869
7.481161
7.466365
7.460867
7.394437
7.378919
7.373463
7.385279
7.444199
7.375828
7.396104
7.625014
7.61452
7.614673
7.623653
7.431239
7.348328
7.344639
7.096611
7.29025
7.423548
7.511012
7.751793
7.632727
7.732329
7.707445
7.883069
7.888279
7.815785
7.65506
7.655058
7.541364
7.428369
7.487618
7.545548
7.576223
7.451707
7.391214
7.577641
7.656665
7.615604
7.614951
7.776538
7.668062
7.634203
7.613466
7.688579
7.631318
7.510112
7.375749
7.533557
7.333378
7.518312
7.482834
7.433461
7.36496
7.232813
7.205025
7.230714
7.465854
7.231853
7.188177
7.138919
7.383221
7.564745
7.557171
7.630628
7.606195
7.668334
7.603404
7.425524
7.508349
7.521957
7.460661
7.476207
7.535689
7.596135
7.627695
7.967679
7.91373
