4.203404
3.898701
3.93835
3.364192
3.030962
2.641828
2.542914
2.664474
2.629017
2.538158
2.372312
2.577469
2.779415
2.780034
2.432908
2.706096
2.485064
2.558034
2.454806
2.757077
2.138019
2.603644
2.540047
2.538147
2.697597
2.774381
2.957895
2.528702
2.756469
2.516222
2.549592
2.666357
2.478442
2.47489
2.71883
2.304664
2.448183
2.674014
2.890828
2.367429
2.612661
2.180965
2.668575
2.358502
2.520676
2.377627
2.857704
2.462536
2.651195
2.425595
2.839573
2.726856
2.341624
2.409283
2.191553
2.568445
2.638189
2.504094
2.85802
2.507422
2.645732
2.528586
2.595214
2.775867
2.757204
2.786814
2.916329
2.447576
2.618991
2.358001
2.567403
2.420323
2.798157
2.680621
2.557968
2.590861
2.563654
2.678064
2.321057
2.538334
2.444256
2.729742
2.698064
2.545031
2.400419
2.257058
2.305739
2.511346
2.801275
2.607429
2.22193
2.391885
2.901942
2.528269
2.928692
2.65191
2.450816
2.335986
2.565862
3.025312
2.553622
2.898934
2.708127
2.864035
2.647527
2.79827
2.652832
2.619775
2.686876
2.760889
2.509683
2.623498
2.679401
2.231567
2.505582
2.5083
2.481692
2.468982
2.953173
2.762803
2.50889
2.633627
2.746244
2.33237
2.269205
2.505257
2.446365
2.375798
2.279922
2.41593
2.548725
2.628102
2.55117
2.591722
2.493072
2.55296
2.791406
2.514014
3.062056
2.785295
2.680765
2.594767
2.552399
2.37063
2.66717
3.058594
2.584577
2.502833
2.750774
2.567287
2.607523
2.620224
2.880224
2.715899
2.731661
2.454196
2.469149
2.512759
2.769881
2.638511
2.599913
2.683626
2.459643
2.668944
2.807238
2.413923
2.361099
2.877681
2.245406
2.757164
2.636518
2.134724
2.536577
2.490708
2.23741
2.309062
2.543913
2.972019
2.70418
2.192619
2.691604
2.358055
2.465812
2.464747
2.398594
2.825835
2.839857
2.539546
2.396261
2.335759
2.647387
2.573255
2.592948
2.539189
2.319424
2.313393
2.427138
2.447446
2.46418
2.595813
2.374277
2.9014
2.696515
2.256715
2.584987
2.192407
2.499051
2.843835
2.58745
2.609041
2.493922
2.619194
2.389961
2.485708
2.608687
2.683859
2.443612
2.254324
2.845418
2.405403
2.911162
2.707706
2.372528
2.344615
2.76823
2.716427
2.669811
2.477726
2.606121
2.445193
2.349726
2.346708
2.651141
2.632408
2.626853
2.777683
2.493887
2.687166
3.069178
2.477524
2.412083
2.306859
2.231151
2.732324
2.557056
2.854684
2.466519
2.417368
2.697735
2.569229
2.54294
2.685514
2.42721
2.491696
2.375893
2.761857
2.579381
2.461593
2.417717
2.720735
2.454074
2.634005
2.789803
2.4687
2.553656
2.652216
2.263567
2.344932
2.446821
2.861332
2.637912
2.512529
2.77519
2.839529
2.474299
2.564052
2.4961
2.408195
2.338284
2.756478
2.51194
2.367525
2.506272
2.357854
2.899441
2.390379
2.338234
2.555436
2.531784
2.440268
2.34253
2.409822
2.541721
2.507692
2.325897
2.477093
2.659879
2.244307
2.501214
2.908521
2.337861
2.497526
2.523612
2.661377
2.691609
2.737488
2.405117
2.830331
2.558581
2.268099
2.629536
2.376617
2.412852
2.322661
2.422721
2.579375
2.364373
2.776878
2.601336
2.669814
2.897074
2.555009
2.634211
2.737747
2.746843
2.527196
2.598489
2.13613
2.547656
2.277542
2.552657
2.676923
2.562241
2.413961
2.668963
2.752854
2.232047
2.246175
2.532228
2.4765
2.378124
2.20175
2.298656
2.254259
2.704898
2.515418
2.760217
2.393913
2.785819
2.299136
2.451243
2.794175
2.606825
2.323483
2.658345
2.837035
2.477348
2.218958
2.424567
2.461162
2.983445
2.606196
2.544716
2.644765
2.378174
2.542523
3.12044
2.482728
2.607
2.786971
2.507627
2.703236
2.434611
2.449576
2.546451
2.823524
2.48122
2.49082
2.498748
2.734417
2.614982
2.592848
2.377839
2.457604
2.80074
2.373345
2.271054
2.520988
2.413401
2.686051
2.504364
2.369129
2.622264
2.680365
2.566155
2.36412
2.719077
2.574685
2.482223
2.455209
2.264575
2.422872
2.531513
2.403989
2.462075
2.754958
2.533015
2.663028
2.723242
2.497415
2.59956
2.568432
2.768156
2.543119
2.523365
2.689948
2.372122
2.40642
2.469493
2.30431
2.612248
2.761919
2.524024
2.832471
2.875172
2.554557
2.650834
2.114064
2.349115
2.590753
2.689498
2.763574
2.577448
2.640911
2.871527
2.468367
2.513629
2.637319
2.394382
2.810044
2.285629
2.636151
2.853063
2.509069
2.653693
2.572721
2.557264
2.422793
2.711443
2.372464
2.624782
2.535482
2.444181
2.703569
2.708747
2.753286
2.507213
2.627464
2.586844
2.770346
2.566525
2.596594
2.726318
2.445425
2.658986
3.118957
2.421555
2.600486
2.562598
2.641173
2.301819
2.808061
2.830221
2.729361
2.436408
2.576625
2.601371
2.877381
2.747039
2.556378
2.713238
2.61354
2.511021
2.823757
2.717504
2.498235
2.573255
2.741694
2.776805
2.659322
2.871293
2.692308
2.686089
2.565593
2.587668
2.625986
2.774954
2.814007
2.928679
2.578109
2.700188
2.478548
2.486669
2.780629
2.647044
3.043894
2.468524
2.513918
2.246819
2.873411
2.481823
2.415585
2.572111
2.814547
2.828264
2.897691
2.976412
2.629496
2.608312
2.685758
2.76366
2.291174
2.426268
2.745326
2.627761
2.499548
2.623233
2.418894
2.49423
2.683945
2.660816
2.418572
2.596844
2.581954
2.67155
2.468141
2.739352
2.536184
2.361062
2.345242
2.463792
2.687414
2.486908
2.7282
2.497248
2.727681
2.372901
2.426778
2.562293
2.756848
2.372036
2.516184
2.430241
2.612489
2.32574
2.444391
2.769588
2.597543
3.021478
2.597861
2.56535
2.412859
2.865067
2.347815
2.605954
2.361407
2.494587
2.759834
2.391984
2.538542
2.599446
2.55232
2.605187
2.472628
2.594852
2.680454
2.43424
2.733796
2.603822
2.687705
2.675923
2.76429
2.741926
2.639195
2.788916
2.498908
2.632044
2.415872
2.708622
2.657954
2.121921
2.591094
2.840093
2.683646
2.861416
2.356656
2.907713
2.585071
2.284068
2.303803
2.631813
2.498326
2.506339
2.402016
2.206295
2.30344
2.617598
2.500823
2.301683
2.6252
2.507151
2.545932
2.647108
2.670562
2.689718
2.458941
2.408401
2.403573
2.15575
2.530225
2.315078
2.491051
2.458963
2.918867
2.616616
2.177271
2.437528
2.472347
2.382935
2.890082
2.719717
2.543567
2.405875
2.37902
2.149383
2.553424
2.63563
2.64905
2.646586
2.69338
2.316687
2.598627
2.813942
2.351877
2.385362
2.446509
2.554887
2.807544
2.412816
2.598
2.549956
2.594638
2.50391
2.679226
2.400549
2.330067
2.473853
2.580605
2.345519
2.715863
2.575805
2.329464
2.353535
2.559379
2.730531
2.297369
2.755347
2.255825
2.56605
2.956729
2.531629
2.53095
2.280153
2.238389
2.799447
2.678483
2.599699
2.302364
2.410713
2.575505
2.602661
2.347862
2.46725
2.422725
2.412813
2.594087
2.187657
2.404747
2.373342
2.252344
2.300091
2.466822
2.741151
2.438601
2.374637
2.418587
2.290692
2.500583
2.576263
2.293225
2.562576
2.716575
2.62526
2.781817
2.55122
2.64538
2.415149
2.183642
2.468685
2.940077
2.751228
2.705631
2.804598
2.396417
2.740469
2.679
2.110549
2.568987
2.749652
2.626407
2.701931
2.366457
2.422129
2.568809
2.537172
2.420101
2.696514
2.264532
2.679273
2.548745
2.509515
2.523132
2.604678
2.363799
2.503081
2.336257
2.39
2.579388
2.43937
2.873674
2.535642
2.415235
2.317691
2.399742
3.305852
2.562488
2.443932
2.822903
2.495533
2.747026
2.677337
2.316037
2.64433
2.654481
2.631476
2.562335
2.688172
2.520733
2.744373
2.32885
2.460116
2.419075
2.650693
2.530517
2.449551
2.288254
2.515116
2.477783
2.712783
2.548187
2.605411
2.826803
2.828217
2.416408
3.171343
2.712883
2.575538
2.436549
2.697919
2.466738
2.351503
2.535656
2.711252
2.362523
2.764644
2.601383
2.551949
2.869678
2.621532
2.419395
2.163674
2.53624
2.426912
2.320881
2.516024
2.952249
2.168561
2.511852
2.707765
2.796309
2.648196
2.347254
2.717785
2.574364
2.434371
2.200626
2.371667
2.453982
2.396468
2.491221
2.59734
2.655948
2.673548
2.528416
2.78527
2.284812
2.740713
2.298441
2.536725
2.45944
2.520977
2.269789
2.751855
2.376781
2.799881
2.501777
2.635354
2.783322
2.352879
2.497821
2.456365
2.593921
2.39325
2.493751
2.552261
2.424587
2.979576
2.912823
2.420702
2.915656
2.499114
2.624156
2.336708
2.447476
2.627449
2.450061
2.64819
2.422957
2.440398
2.318209
2.532685
2.685798
2.62297
2.259745
2.411903
2.391829
2.753459
2.566771
2.611617
2.460981
2.350154
2.566111
2.466306
2.408955
2.768185
2.730117
2.416937
2.722157
2.35277
2.510392
3.037043
2.625457
2.275887
2.193546
2.393801
2.764469
2.746073
2.446642
2.587704
2.589625
2.651869
2.59839
2.622467
2.445195
2.600908
2.347409
2.292694
2.286408
2.342134
2.339275
2.414811
2.329845
2.389349
2.567739
2.234932
2.620315
2.738148
2.562645
2.513419
2.582727
2.499454
3.059964
2.772033
2.566104
2.68973
2.632935
2.929227
2.331239
2.420244
2.681621
2.495801
2.763655
2.432251
2.44013
2.610792
2.878144
2.633625
2.356584
2.308406
2.574592
2.471845
1.995385
2.31774
2.399233
2.550194
2.489038
2.668756
2.692882
2.63536
2.528507
2.617797
2.576881
2.453393
3.050715
2.578991
2.401587
2.490371
2.720823
2.663793
2.442377
2.557118
2.484157
2.629473
2.573156
2.568352
2.935365
2.755357
2.605032
2.551229
2.719488
2.502734
2.38765
2.848445
2.784519
2.357301
2.681472
2.442933
2.409653
2.773938
2.343003
2.288667
2.590224
2.425047
2.633094
2.560284
2.869671
2.76233
2.228044
2.608113
2.458238
2.554804
2.550164
2.2286
2.47634
2.444505
2.559395
2.495264
2.576334
2.796153
2.672602
2.724785
2.500781
2.649057
2.712038
2.545124
2.779706
2.788672
2.609183
2.412776
2.642307
2.507476
2.763542
2.731636
2.265988
2.375854
2.508373
2.527996
2.838449
2.428991
2.402593
2.353454
2.612417
2.667236
2.807865
2.442292
2.580055
2.440293
2.379922
2.693197
2.482115
2.686314
2.623035
2.420677
2.310937
2.729107
2.432844
2.74522
2.610975
2.286059
2.685995
2.475386
2.735761
2.56123
2.666794
2.398257
2.539643
2.62216
2.358782
2.711725
2.716128
2.345623
2.686911
2.434205
2.674006
2.25664
2.575722
2.403021
2.771246
2.260273
2.572574
2.621625
2.686925
2.517378
2.640745
2.369342
2.518588
2.50419
2.499468
2.751905
2.601434
2.384785
2.435161
2.755162
2.751299
2.538525
2.3032
2.650844
2.35397
2.291547
2.654853
2.8567
2.500954
2.384687
2.61778
2.350487
2.468959
2.544382
2.491657
2.615765
2.338155
2.474541
2.071318
2.30919
2.936413
2.575581
2.643589
2.741307
2.605284
2.582937
2.89579
2.573857
2.594564
2.534042
2.322287
2.317928
2.498173
2.23417
2.895807
2.622817
2.398629
2.355472
2.885591
2.37465
2.660197
2.506337
2.508675
2.815239
2.472097
2.642102
2.48542
2.566434
2.825469
2.652114
2.409416
2.243549
2.535176
2.313535
2.802434
2.49857
2.987714
2.484388
2.594499
2.580327
2.230544
2.399119
2.342348
2.584179
2.661651
2.583897
2.74556
2.829978
2.749332
2.160328
2.460155
2.864308
2.900942
2.597523
2.53994
2.533368
2.45382
2.590648
2.862741
2.535421
2.627261
2.582538
2.440946
2.355833
2.369823
2.487156
2.636127
2.605327
2.42544
2.542678
2.604597
2.299089
2.617152
2.744503
2.519948
2.487754
2.447465
2.708481
2.509917
2.133104
2.530201
2.360414
2.801459
2.869708
2.511714
2.584293
2.613349
2.848605
2.719735
2.50321
2.617631
2.396391
2.509601
2.636616
2.522447
2.661058
2.325286
2.563023
2.461327
2.853845
2.649172
2.451852
2.575394
2.283722
2.582264
2.240809
2.379929
2.420276
2.460264
2.709326
2.595866
2.370997
2.139773
2.354482
2.281861
2.733227
2.604498
2.818816
2.272707
2.766844
2.412752
2.816417
2.48359
2.608632
2.487324
2.881266
2.329493
2.805985
2.869111
2.666054
2.446938
2.825451
2.557437
2.868185
2.816178
2.54004
2.755358
2.609879
2.50833
2.670591
2.828821
2.521747
2.577452
2.701393
2.584566
2.697733
2.57186
2.406728
2.689902
2.703639
2.53333
2.474458
2.577827
2.405164
2.603711
2.804046
2.39173
2.690102
2.658961
2.542445
2.246255
2.218598
2.452372
2.70226
2.571189
2.672444
2.727492
2.555078
2.895729
2.633053
2.451681
2.61733
2.523315
2.241665
2.578012
2.484623
2.520938
2.438372
2.619559
2.26256
2.438633
2.338627
2.546647
2.290807
2.499462
2.474932
2.723078
3.028134
2.602081
2.470698
2.318064
2.55289
2.701889
2.459417
2.540928
2.520776
2.511908
2.695402
2.484178
2.43728
2.330848
2.538933
2.648846
2.160461
2.647395
2.556118
2.620132
2.702245
2.668245
2.350029
2.536138
2.613729
2.55832
2.637983
2.639909
2.506043
2.407873
2.284764
2.361366
2.833891
2.454781
2.383574
2.451425
2.592505
2.705516
2.573182
2.39207
2.360547
2.489164
2.6536
2.540975
2.757635
2.76819
2.34398
2.502237
2.268383
2.872514
2.712408
2.71394
2.43435
2.834852
2.357997
2.766529
2.993236
2.361039
2.436204
2.652662
2.893444
2.525337
2.37742
2.268169
2.375272
2.31488
2.502217
2.613439
2.355092
2.337721
2.179512
2.256533
2.246598
2.536656
2.565404
2.469644
2.942798
2.490399
2.423951
2.453118
2.373554
2.453245
2.56874
2.291906
2.492225
2.506181
2.633904
2.443316
2.737193
2.652615
2.359157
2.508582
2.440661
2.669639
2.546901
2.471134
2.397958
2.674763
2.353751
2.360154
2.69759
2.781046
2.488222
2.554072
2.308245
2.429125
2.626903
2.315058
2.426583
2.6956
2.530449
2.557459
2.477535
2.743387
2.546104
2.472981
2.594299
3.082021
2.621806
2.45624
2.896074
2.859311
2.75064
2.360658
2.427719
2.636977
2.757062
2.908716
2.512698
2.148345
2.494577
2.748045
2.450881
2.590475
2.943505
2.55933
2.61233
2.842319
2.554358
2.380955
2.996105
2.359333
2.642607
2.518449
2.397133
2.671272
2.690452
2.501347
2.198969
2.679591
2.541372
2.860265
2.625364
2.408726
2.723058
2.788904
2.780999
2.956977
2.776195
2.720354
2.665697
2.39759
2.75071
2.922911
2.431509
2.440342
2.731581
2.622427
2.481808
2.87635
2.6292
2.531608
2.652401
2.595409
2.804251
2.350763
2.470001
2.46277
2.432916
2.778743
2.355278
2.737476
2.592336
2.492927
2.419809
2.671762
2.692763
2.459449
2.413344
2.826974
2.7068
2.427425
2.885262
2.571311
2.394132
2.601705
2.426587
2.296761
2.33654
2.378626
2.759839
2.260568
2.711152
2.498927
2.818281
2.491999
2.344077
2.582235
2.273004
2.290724
2.560958
2.258353
2.982309
2.586303
2.478955
2.877822
2.795027
2.369155
2.556295
3.064301
2.521327
2.469632
2.45211
2.666741
2.55802
2.815257
2.607297
2.518727
2.401428
2.647707
2.811967
2.726749
2.198439
2.333159
2.587235
2.599119
2.613457
2.449016
2.574507
2.624164
2.45179
2.571695
2.857531
2.552073
2.786837
2.560385
2.665949
2.607547
2.808594
2.598327
2.618911
2.244596
2.64257
2.559702
2.451764
2.769159
2.455192
2.628539
2.339318
2.636098
2.795627
2.483846
2.174385
2.320117
2.573398
2.708335
2.671924
2.543028
2.836341
2.203735
2.461337
2.565995
2.312379
2.478118
2.625961
2.608246
2.724073
2.509165
2.684394
2.562406
2.522438
2.347421
2.650585
2.569541
2.346179
2.466029
2.699071
2.774117
2.733261
2.10484
2.404126
2.455929
2.716611
2.825463
2.60065
2.535322
2.305993
2.797998
2.407954
2.375072
3.115147
2.311581
2.638893
2.750479
2.332794
2.686634
2.450589
2.590597
2.53782
2.542478
2.7041
2.787495
2.378983
2.648941
2.508526
2.418316
2.617022
2.448686
2.93094
2.829648
2.912906
2.54173
2.628067
2.318827
2.693356
2.648363
2.579739
2.382249
2.670001
2.485221
2.382597
2.333352
2.347597
2.497049
2.941296
2.619435
2.38576
2.639434
2.800844
2.585477
2.92377
2.615286
2.715794
2.591929
3.25846
2.606598
2.574604
2.686092
2.952274
2.618808
2.777886
2.326422
2.705402
2.557756
2.387166
2.867232
2.771129
2.238504
2.438207
2.404573
2.573012
2.634912
2.599802
2.492707
2.368989
2.464805
2.631802
2.866581
2.476407
2.389549
2.696895
2.584136
2.528694
2.411755
2.294064
2.30664
2.623249
2.650834
2.65922
2.101775
2.442589
2.527352
2.946748
2.473512
2.789963
2.611412
2.579931
2.565763
2.365354
2.528702
2.80414
2.785023
2.15437
2.245112
2.309158
2.803778
2.678135
2.518016
2.876351
2.693272
2.397207
2.798202
2.552095
2.58537
2.272186
2.449934
2.552023
2.466238
2.4847
2.388186
2.315165
2.365583
2.399396
2.696078
2.648256
2.542647
2.942036
2.894504
2.424364
2.13399
2.590884
2.434854
2.613215
2.250791
2.847219
2.575335
2.664993
2.821023
2.506926
2.811932
2.361825
2.369612
2.762656
2.584802
2.341272
2.654267
2.381386
2.673359
2.567505
2.568574
2.50611
2.688023
2.608631
2.408173
2.805846
2.226808
2.544071
2.901032
2.35029
2.615294
2.469692
2.734451
2.703386
3.075005
2.470275
2.323812
2.586136
2.748974
2.681041
2.386641
2.609279
2.557793
2.532266
2.630091
2.497798
2.838817
2.465058
2.396868
2.576807
2.428388
2.47313
2.722133
2.3402
2.531359
2.592205
2.575507
2.588972
2.388578
2.7061
2.66059
2.534993
2.81862
2.434974
2.208779
2.426329
2.489023
2.645752
2.515343
2.606162
2.456856
2.459781
2.602846
2.499118
2.616508
2.381137
2.745097
2.633277
2.48955
2.630315
2.974864
2.746371
2.944773
2.24012
2.643085
2.410711
2.580423
2.391522
2.609696
2.581084
2.527232
2.654537
2.484569
2.939474
2.490786
2.214788
2.390808
2.745529
2.607315
2.588978
2.95568
2.548162
2.779655
2.334931
2.117326
2.377029
2.41757
2.421934
2.674299
2.558788
2.433129
2.595648
2.875938
2.749198
2.457798
2.460247
2.393507
2.696122
2.621813
2.520842
2.525309
2.320107
2.711438
2.699613
2.509193
2.498389
2.476749
2.690275
2.638485
2.670677
2.46293
2.606054
2.646941
2.329813
2.647881
2.566326
2.428729
2.343764
2.837348
2.639259
2.514381
2.647416
2.533433
2.489554
2.876853
2.812877
2.587069
2.419621
2.572777
2.613328
2.404544
2.399435
2.468215
2.833314
2.7191
2.649856
2.701858
2.42661
2.556383
2.774158
2.626198
2.4363
2.529258
2.397363
2.64157
2.379523
2.546004
2.582835
2.690241
2.635786
2.912512
3.098008
2.528533
2.560939
2.425432
2.502317
2.673159
2.637283
2.567673
2.379955
2.399405
2.476038
2.444199
2.401481
2.840696
2.282968
2.988364
2.570805
2.737428
2.798139
2.791485
2.941258
2.586964
2.758115
2.671881
2.562149
2.881367
2.668969
2.674015
2.47849
2.929209
2.378225
2.739217
2.71022
2.56243
2.738226
2.901221
2.513868
2.848505
2.503764
2.863129
2.332145
2.769819
2.760295
2.428133
2.399202
2.205509
2.567051
2.827484
2.398284
2.896097
2.890637
2.571963
2.359148
2.833082
2.403505
2.903322
2.30623
2.712871
2.796051
2.452745
2.821297
2.510252
2.627586
2.481762
2.472517
2.676641
2.957801
2.676937
2.735378
2.644093
2.378856
2.785042
2.667177
2.627898
2.927498
2.698581
2.112995
2.353676
2.623731
2.585414
2.440942
2.523391
2.473366
2.705868
2.78804
2.503661
2.728417
2.31221
2.649467
2.355957
2.629949
2.667178
2.50689
2.506929
2.794976
2.412995
2.715133
2.73156
2.405359
2.511596
2.492146
2.932931
2.245033
2.436796
2.484877
2.404235
2.702501
2.676338
2.376018
2.464666
2.713814
2.852255
2.436443
2.531537
2.54888
2.330432
2.631232
2.403473
2.595788
2.394435
2.513883
2.50714
2.288544
2.492222
2.696026
2.789649
2.712335
2.691805
3.138992
2.620557
2.721985
2.54153
2.440557
2.659259
2.8441
2.384204
2.351925
2.351353
2.299342
3.131524
2.625818
2.92289
2.607718
2.268197
2.430411
2.734188
2.373163
2.664935
2.505074
2.508786
2.501986
2.408382
2.489954
2.531619
2.476229
2.694148
2.703386
2.894289
2.852449
2.438761
2.460631
2.521532
2.449658
2.249934
2.289405
2.539118
2.766499
2.712161
2.545101
2.57804
2.440711
2.443512
2.225763
2.766452
2.367878
2.615458
2.432659
2.561407
2.639075
2.533823
2.887869
2.463065
2.43885
2.746872
2.62292
2.488756
2.719476
2.675471
2.43995
2.407223
2.65232
2.474125
2.633665
2.777416
2.951264
2.53102
2.423278
2.608063
2.580978
2.654685
2.418099
2.549377
2.45337
2.483447
2.647747
2.636428
2.766628
2.482686
2.644726
2.137685
2.664658
2.929897
2.446553
2.569848
2.599252
2.714127
2.85518
3.014828
2.469409
2.34791
2.605665
2.42149
2.837106
2.678589
2.517662
2.801158
2.60074
2.477658
2.586826
2.411266
2.517685
2.575672
2.479443
2.257041
3.315366
2.501562
2.602875
2.294887
2.293393
2.892262
2.611066
2.644711
2.660702
2.291086
2.429134
2.547213
2.316276
2.356171
2.872077
2.365095
2.609818
2.632695
2.627033
2.625578
2.823024
2.296798
2.272147
2.477964
2.450775
2.374553
2.665252
2.382029
2.538243
2.520309
2.507243
2.60652
2.835977
2.512157
2.258543
2.6444
2.453954
2.746734
2.525095
2.566287
2.394056
2.620354
2.256172
2.606953
2.707899
2.453605
2.574078
2.555607
2.5939
2.771097
2.726719
2.314857
2.413234
2.261828
2.591427
2.264404
2.641575
2.413139
2.760034
2.664979
2.577401
2.609748
2.398462
2.794216
2.55375
2.633796
2.70429
2.742988
2.376862
2.825472
2.656258
2.683364
2.566557
2.55216
2.411497
2.322001
2.400897
2.246499
2.617085
2.360551
2.607865
2.72317
2.514121
2.636913
2.411202
2.445969
2.51787
2.761867
2.38013
2.204798
2.253382
2.456401
2.606784
2.968731
2.621936
2.629571
2.287118
2.865958
2.529923
2.8463
2.715697
2.334863
2.217472
2.391256
2.525711
2.689257
2.577808
2.688132
2.730486
2.527644
2.668303
2.892927
2.483965
2.70539
2.231622
2.703767
2.618613
2.33642
2.284415
2.556771
2.604302
2.859188
2.620656
2.280206
2.84557
2.512909
2.355615
2.783657
2.596093
2.571045
2.248872
2.193003
2.640349
2.430577
2.616183
2.866931
2.398152
2.436836
2.492389
2.350493
2.510556
2.768866
2.492661
2.316616
2.558474
2.468047
2.333684
2.635751
2.563365
2.648482
2.712864
2.614961
2.665041
2.488393
2.65517
2.705162
2.417956
2.312233
2.491321
2.658073
2.88717
2.536898
2.309204
2.455412
2.54279
2.934218
2.559858
2.424801
2.41964
2.446907
2.666272
2.619205
2.805184
2.640216
2.766314
2.793648
2.407303
2.613455
2.646143
2.54466
2.533902
2.869622
2.434141
2.551301
2.451518
2.547921
2.421001
2.371843
2.477276
2.275755
2.573684
2.640687
2.384507
2.547769
2.728198
2.659596
2.504439
2.76466
2.510606
2.783441
2.203006
2.663281
2.864367
2.643483
2.694292
2.593502
2.538125
2.662275
2.757277
2.217375
2.760327
2.706292
2.359992
2.510414
2.622171
2.614823
2.719191
2.86776
2.655487
2.383784
2.879664
2.546563
2.329718
2.562271
2.446619
2.678027
2.740769
2.64612
2.584641
2.448704
2.322363
2.629431
2.287881
2.697073
2.496602
2.517169
2.705552
2.389387
2.395478
2.619932
2.419118
2.619317
2.495999
2.420622
2.669215
3.457132
2.528829
2.607332
2.669542
2.526881
2.301581
2.154501
2.838043
2.360178
2.533768
2.554263
2.354117
2.829791
2.500061
2.685821
2.921857
2.603333
2.397818
2.842073
2.921082
2.758136
2.525565
2.613576
2.558141
2.600695
2.612459
2.413595
2.561083
2.733962
2.649134
2.544721
2.569545
2.559118
2.724541
2.637708
2.490061
2.517236
2.946412
2.674031
2.426044
2.565218
2.513017
2.366766
2.585986
2.638334
2.535332
2.750504
2.59315
2.659222
2.572513
2.316234
2.849796
2.572453
2.555285
2.901713
2.671883
2.265406
2.244943
2.781481
2.558234
2.502349
2.690131
2.423546
2.67011
2.496852
2.493291
2.86871
2.392841
2.59301
2.590532
2.608809
2.617125
2.600612
2.521767
2.432503
2.552697
2.946225
2.681838
2.428451
2.633326
2.427296
2.374086
2.519961
2.624932
2.682447
2.769877
2.490682
2.913263
2.410475
2.40329
2.203683
2.383804
2.50025
2.489596
2.218341
2.69373
2.618351
2.711683
2.387966
2.747628
2.629576
2.726141
2.734101
2.620964
2.668391
2.654493
2.894629
2.551433
2.532086
2.427731
2.562286
2.663328
2.536709
2.599981
2.284953
2.675824
2.618678
2.471671
2.607732
2.484262
2.592765
2.630736
2.471001
2.581057
2.676162
2.790128
2.169249
2.783789
2.373891
2.465428
2.679622
2.611174
2.540629
2.682988
2.443503
2.497715
2.314147
2.585165
2.804699
2.710558
3.059816
2.281039
2.532585
2.359588
2.797442
3.051041
2.380702
2.598539
2.659906
2.333986
2.285529
2.562652
2.673649
2.20504
2.551933
2.738797
2.962003
3.012827
2.416884
2.536565
2.592195
2.666104
2.504458
2.614204
2.633267
2.36168
2.699139
2.717963
2.235919
2.731226
2.424382
2.308665
2.525614
2.203069
2.432247
2.744324
2.846662
2.27267
2.478109
2.481095
2.244065
2.596177
2.710899
2.339406
2.675751
2.32872
2.778882
2.807241
2.394267
2.544508
2.35956
2.62265
2.802245
2.247783
2.660995
2.385388
2.740077
2.58091
2.899922
2.540506
2.507052
2.698699
2.680678
2.582597
2.239005
2.504531
2.73574
2.692619
2.673298
2.521752
2.78902
2.856476
2.5097
3.003568
2.743533
2.433766
2.629549
2.660356
2.44817
2.445968
2.109325
2.366964
2.810836
2.134694
2.519907
2.657879
2.279131
2.625862
2.86047
2.720482
2.622743
2.797907
2.539951
2.408872
2.492779
2.529504
2.451807
2.490302
2.532229
2.566733
2.872691
2.740565
2.324867
2.409773
2.389265
2.784555
2.180248
2.416133
2.338489
2.298762
2.452164
2.637471
2.91204
2.538365
2.575373
2.465693
2.406809
2.82189
2.610252
2.445537
2.654029
2.417128
2.273375
2.793928
2.779362
2.378969
2.90803
2.685174
2.384566
2.671313
2.202066
2.742868
2.471892
2.724669
2.553433
2.4292
2.437613
2.447103
2.37771
2.001611
2.740259
2.543462
2.550602
2.411655
2.328549
2.905198
2.63613
2.377595
2.64254
2.835722
2.57172
2.435805
2.337142
2.890489
2.747476
2.616334
2.727252
2.778431
2.768771
2.624558
2.439563
2.317575
2.405248
2.800974
2.606135
2.569917
2.434003
2.765456
2.498526
2.438284
2.608271
2.846466
2.801182
2.277166
2.364592
2.421985
2.663473
2.516732
2.487151
2.594301
2.531306
2.764607
2.6466
2.428481
2.737323
2.452683
2.504981
2.337298
2.406222
2.885962
2.508217
2.478491
2.400218
2.962426
2.504626
2.441479
2.589639
2.608684
2.15152
2.872617
2.66088
2.635569
2.539972
2.741137
2.738465
2.306385
2.697101
2.459888
2.723302
2.701308
2.88689
2.658125
2.647422
2.69656
2.357257
2.431351
2.658387
2.816877
2.583523
2.571245
2.584888
2.176617
2.648302
2.621439
2.473686
2.541617
2.399446
2.554537
2.446126
2.195086
2.327828
2.412857
2.538491
2.542809
2.484189
2.355995
2.505252
2.596963
2.525048
2.877897
2.539689
2.810393
2.719751
2.556941
2.615905
2.399239
2.399053
2.770618
2.628126
2.467559
2.775606
2.441554
2.823024
2.64644
2.598443
2.48993
2.814943
2.252889
2.463966
2.844013
2.848574
2.576808
2.425063
2.475552
2.26741
3.010139
2.428031
2.772944
2.629119
2.289081
2.54464
2.495431
2.692473
2.702535
2.449104
2.884732
2.871321
2.463561
2.401603
2.822759
2.88365
2.498359
2.729497
2.731268
2.505441
2.460891
2.626811
2.793859
2.609331
2.818093
2.415444
2.157874
2.603645
2.480306
2.342711
2.520008
2.548087
2.35922
2.761015
2.435789
2.155484
2.391687
2.78149
2.71338
2.515795
2.866245
2.053639
2.502989
2.579561
2.695464
2.592232
2.382372
3.011932
2.606132
2.849202
2.487804
2.67651
3.312549
2.876538
2.293325
2.813503
2.57188
2.22471
2.451444
2.444293
2.56576
2.808218
2.384822
2.393019
2.664774
2.61448
2.505963
2.449993
2.756949
2.792779
2.427635
2.524975
2.766622
2.871782
2.558267
2.460645
2.417463
2.430317
2.420127
2.775515
2.687172
2.625206
2.296054
2.662359
2.844586
2.559449
2.66412
2.288061
2.681738
2.637204
2.160847
2.286009
2.653779
2.372483
2.769562
2.539475
3.225319
2.555813
2.531017
2.256099
2.737252
2.351151
2.564813
2.60749
2.72176
2.356599
2.430196
2.705499
2.551799
2.46205
2.705618
2.325103
2.451233
2.526078
2.24071
2.633122
2.442546
2.566533
2.479555
2.629336
2.745362
2.631716
2.420078
2.248308
2.380327
2.456806
2.229625
2.664922
2.70236
2.680185
2.585189
2.556762
2.728146
2.499391
2.455562
2.707259
2.368452
2.522918
2.556783
2.710073
2.725208
2.457804
2.66852
2.615249
2.936372
2.435731
2.778665
2.682926
2.519736
2.455625
2.377375
2.510459
3.098928
2.789952
2.629419
2.33876
2.492805
2.321591
2.791133
2.551078
2.382201
2.346359
2.676552
2.754294
2.416434
2.699089
2.534061
2.639239
2.498812
2.551027
2.451153
2.67838
2.450808
2.474002
2.54038
2.583378
2.471278
2.46315
2.435387
2.454933
2.433355
2.468093
2.695487
2.63614
2.321677
2.947438
2.364044
2.378907
2.521249
2.66527
2.677215
2.613539
2.495058
2.529075
2.296108
2.570031
2.545746
2.347997
2.588678
2.713093
2.622423
2.635362
2.506849
2.650862
2.524258
2.491275
2.351248
2.676086
2.299188
2.867112
2.446841
2.586589
2.613109
2.42606
2.342072
2.347102
2.2662
2.539777
2.416269
3.030941
2.242424
2.590617
2.807736
2.765772
2.314261
2.74763
2.877584
2.965036
2.488102
2.593553
2.406564
2.456993
2.142674
2.633497
2.641647
2.691132
2.518341
2.901807
2.686851
2.90844
2.620867
2.775095
2.661327
2.763303
2.761743
2.305216
2.34732
2.485652
2.448445
2.974887
2.357972
2.50698
2.842811
2.59881
2.733664
2.89142
2.553452
2.685046
2.556451
2.46824
2.324155
2.917577
2.464399
2.751509
2.576749
2.623215
